1,2020-12-11 13:21:36.529023+00,2020-12-11 13:21:36.529262+00,,PLY,Playen,,,,
1101010,2020-12-16 00:06:00.992147+00,2020-12-16 00:06:00.992173+00,,,TEUPAH SELATAN,,,1101,
1101020,2020-12-16 00:06:00.997913+00,2020-12-16 00:06:00.997943+00,,,SIMEULUE TIMUR,,,1101,
1101021,2020-12-16 00:06:01.000944+00,2020-12-16 00:06:01.000968+00,,,TEUPAH BARAT,,,1101,
1101022,2020-12-16 00:06:01.003682+00,2020-12-16 00:06:01.003705+00,,,TEUPAH TENGAH,,,1101,
1101030,2020-12-16 00:06:01.006304+00,2020-12-16 00:06:01.00632+00,,,SIMEULUE TENGAH,,,1101,
1101031,2020-12-16 00:06:01.008822+00,2020-12-16 00:06:01.008837+00,,,TELUK DALAM,,,1101,
1101032,2020-12-16 00:06:01.012158+00,2020-12-16 00:06:01.012188+00,,,SIMEULUE CUT,,,1101,
1101040,2020-12-16 00:06:01.014989+00,2020-12-16 00:06:01.015019+00,,,SALANG,,,1101,
1101050,2020-12-16 00:06:01.018453+00,2020-12-16 00:06:01.018474+00,,,SIMEULUE BARAT,,,1101,
1101051,2020-12-16 00:06:01.02144+00,2020-12-16 00:06:01.021461+00,,,ALAFAN,,,1101,
1102010,2020-12-16 00:06:01.024512+00,2020-12-16 00:06:01.024533+00,,,PULAU BANYAK,,,1102,
1102011,2020-12-16 00:06:01.027822+00,2020-12-16 00:06:01.027845+00,,,PULAU BANYAK BARAT,,,1102,
1102020,2020-12-16 00:06:01.031102+00,2020-12-16 00:06:01.031126+00,,,SINGKIL,,,1102,
1102021,2020-12-16 00:06:01.034333+00,2020-12-16 00:06:01.034359+00,,,SINGKIL UTARA,,,1102,
1102022,2020-12-16 00:06:01.037175+00,2020-12-16 00:06:01.037199+00,,,KUALA BARU,,,1102,
1102030,2020-12-16 00:06:01.040415+00,2020-12-16 00:06:01.040439+00,,,SIMPANG KANAN,,,1102,
1102031,2020-12-16 00:06:01.043933+00,2020-12-16 00:06:01.043957+00,,,GUNUNG MERIAH,,,1102,
1102032,2020-12-16 00:06:01.047356+00,2020-12-16 00:06:01.047381+00,,,DANAU PARIS,,,1102,
1102033,2020-12-16 00:06:01.050731+00,2020-12-16 00:06:01.050757+00,,,SURO,,,1102,
1102042,2020-12-16 00:06:01.054189+00,2020-12-16 00:06:01.054213+00,,,SINGKOHOR,,,1102,
1102043,2020-12-16 00:06:01.05732+00,2020-12-16 00:06:01.057344+00,,,KOTA BAHARU,,,1102,
1103010,2020-12-16 00:06:01.060433+00,2020-12-16 00:06:01.060457+00,,,TRUMON,,,1103,
1103011,2020-12-16 00:06:01.063529+00,2020-12-16 00:06:01.063553+00,,,TRUMON TIMUR,,,1103,
1103012,2020-12-16 00:06:01.066688+00,2020-12-16 00:06:01.066711+00,,,TRUMON TENGAH,,,1103,
1103020,2020-12-16 00:06:01.069781+00,2020-12-16 00:06:01.069804+00,,,BAKONGAN,,,1103,
1103021,2020-12-16 00:06:01.072728+00,2020-12-16 00:06:01.07275+00,,,BAKONGAN TIMUR,,,1103,
1103022,2020-12-16 00:06:01.07575+00,2020-12-16 00:06:01.075773+00,,,KOTA BAHAGIA,,,1103,
1103030,2020-12-16 00:06:01.07877+00,2020-12-16 00:06:01.078796+00,,,KLUET SELATAN,,,1103,
1103031,2020-12-16 00:06:01.082281+00,2020-12-16 00:06:01.082307+00,,,KLUET TIMUR,,,1103,
1103040,2020-12-16 00:06:01.085397+00,2020-12-16 00:06:01.085422+00,,,KLUET UTARA,,,1103,
1103041,2020-12-16 00:06:01.088488+00,2020-12-16 00:06:01.088513+00,,,PASIE RAJA,,,1103,
1103042,2020-12-16 00:06:01.091525+00,2020-12-16 00:06:01.091548+00,,,KLUET TENGAH,,,1103,
1103050,2020-12-16 00:06:01.094545+00,2020-12-16 00:06:01.094567+00,,,TAPAK TUAN,,,1103,
1103060,2020-12-16 00:06:01.098358+00,2020-12-16 00:06:01.098402+00,,,SAMA DUA,,,1103,
1103070,2020-12-16 00:06:01.102926+00,2020-12-16 00:06:01.102969+00,,,SAWANG,,,1103,
1103080,2020-12-16 00:06:01.106778+00,2020-12-16 00:06:01.106816+00,,,MEUKEK,,,1103,
1103090,2020-12-16 00:06:01.109725+00,2020-12-16 00:06:01.109737+00,,,LABUHAN HAJI,,,1103,
1103091,2020-12-16 00:06:01.111879+00,2020-12-16 00:06:01.111891+00,,,LABUHAN HAJI TIMUR,,,1103,
1103092,2020-12-16 00:06:01.113771+00,2020-12-16 00:06:01.113783+00,,,LABUHAN HAJI BARAT,,,1103,
1104010,2020-12-16 00:06:01.11549+00,2020-12-16 00:06:01.115501+00,,,LAWE ALAS,,,1104,
1104011,2020-12-16 00:06:01.11713+00,2020-12-16 00:06:01.117142+00,,,BABUL RAHMAH,,,1104,
1104012,2020-12-16 00:06:01.118861+00,2020-12-16 00:06:01.118873+00,,,TANOH ALAS,,,1104,
1104020,2020-12-16 00:06:01.120869+00,2020-12-16 00:06:01.12088+00,,,LAWE SIGALA-GALA,,,1104,
1104021,2020-12-16 00:06:01.12284+00,2020-12-16 00:06:01.122852+00,,,BABUL MAKMUR,,,1104,
1104022,2020-12-16 00:06:01.124695+00,2020-12-16 00:06:01.124707+00,,,SEMADAM,,,1104,
1104023,2020-12-16 00:06:01.126674+00,2020-12-16 00:06:01.126686+00,,,LAUSER,,,1104,
1104030,2020-12-16 00:06:01.128762+00,2020-12-16 00:06:01.128774+00,,,BAMBEL,,,1104,
1104031,2020-12-16 00:06:01.131002+00,2020-12-16 00:06:01.131014+00,,,BUKIT TUSAM,,,1104,
1104032,2020-12-16 00:06:01.13324+00,2020-12-16 00:06:01.133253+00,,,LAWE SUMUR,,,1104,
1104040,2020-12-16 00:06:01.135442+00,2020-12-16 00:06:01.135455+00,,,BABUSSALAM,,,1104,
1104041,2020-12-16 00:06:01.137591+00,2020-12-16 00:06:01.137603+00,,,LAWE BULAN,,,1104,
1104050,2020-12-16 00:06:01.140035+00,2020-12-16 00:06:01.140048+00,,,BADAR,,,1104,
1104051,2020-12-16 00:06:01.142518+00,2020-12-16 00:06:01.142531+00,,,DARUL HASANAH,,,1104,
1104052,2020-12-16 00:06:01.145001+00,2020-12-16 00:06:01.145014+00,,,KETAMBE,,,1104,
1104053,2020-12-16 00:06:01.147454+00,2020-12-16 00:06:01.147468+00,,,DELENG POKHKISEN,,,1104,
1105080,2020-12-16 00:06:01.14994+00,2020-12-16 00:06:01.149953+00,,,SERBA JADI,,,1105,
1105081,2020-12-16 00:06:01.152256+00,2020-12-16 00:06:01.152268+00,,,SIMPANG JERNIH,,,1105,
1105082,2020-12-16 00:06:01.154399+00,2020-12-16 00:06:01.154412+00,,,PEUNARON,,,1105,
1105090,2020-12-16 00:06:01.156582+00,2020-12-16 00:06:01.156593+00,,,BIREM BAYEUN,,,1105,
1105100,2020-12-16 00:06:01.158562+00,2020-12-16 00:06:01.158606+00,,,RANTAU SELAMAT,,,1105,
1105101,2020-12-16 00:06:01.160988+00,2020-12-16 00:06:01.161001+00,,,SUNGAI RAYA,,,1105,
1105110,2020-12-16 00:06:01.163243+00,2020-12-16 00:06:01.163257+00,,,PEUREULAK,,,1105,
1105111,2020-12-16 00:06:01.165466+00,2020-12-16 00:06:01.165479+00,,,PEUREULAK TIMUR,,,1105,
1105112,2020-12-16 00:06:01.167586+00,2020-12-16 00:06:01.167599+00,,,PEUREULAK BARAT,,,1105,
1105120,2020-12-16 00:06:01.170104+00,2020-12-16 00:06:01.170117+00,,,RANTO PEUREULAK,,,1105,
1105130,2020-12-16 00:06:01.172595+00,2020-12-16 00:06:01.172608+00,,,IDI RAYEUK,,,1105,
1105131,2020-12-16 00:06:01.174891+00,2020-12-16 00:06:01.174904+00,,,PEUDAWA,,,1105,
1105132,2020-12-16 00:06:01.177412+00,2020-12-16 00:06:01.177426+00,,,BANDA ALAM,,,1105,
1105133,2020-12-16 00:06:01.179892+00,2020-12-16 00:06:01.179907+00,,,IDI TUNONG,,,1105,
1105134,2020-12-16 00:06:01.182157+00,2020-12-16 00:06:01.18217+00,,,DARUL IHSAN,,,1105,
1105135,2020-12-16 00:06:01.184295+00,2020-12-16 00:06:01.184307+00,,,IDI TIMUR,,,1105,
1105140,2020-12-16 00:06:01.186521+00,2020-12-16 00:06:01.186533+00,,,DARUL AMAN,,,1105,
1105150,2020-12-16 00:06:01.189631+00,2020-12-16 00:06:01.189663+00,,,NURUSSALAM,,,1105,
1105151,2020-12-16 00:06:01.19288+00,2020-12-16 00:06:01.192914+00,,,DARUL FALAH,,,1105,
1105160,2020-12-16 00:06:01.2001+00,2020-12-16 00:06:01.200133+00,,,JULOK,,,1105,
1105161,2020-12-16 00:06:01.206006+00,2020-12-16 00:06:01.206067+00,,,INDRA MAKMUR,,,1105,
1105170,2020-12-16 00:06:01.210505+00,2020-12-16 00:06:01.210548+00,,,PANTE BIDARI,,,1105,
1105180,2020-12-16 00:06:01.214967+00,2020-12-16 00:06:01.214982+00,,,SIMPANG ULIM,,,1105,
1105181,2020-12-16 00:06:01.217959+00,2020-12-16 00:06:01.217973+00,,,MADAT,,,1105,
1106010,2020-12-16 00:06:01.220895+00,2020-12-16 00:06:01.220909+00,,,LINGE,,,1106,
1106011,2020-12-16 00:06:01.223692+00,2020-12-16 00:06:01.223706+00,,,ATU LINTANG,,,1106,
1106012,2020-12-16 00:06:01.226492+00,2020-12-16 00:06:01.226507+00,,,JAGONG JEGET,,,1106,
1106020,2020-12-16 00:06:01.229072+00,2020-12-16 00:06:01.229087+00,,,BINTANG,,,1106,
1106031,2020-12-16 00:06:01.231845+00,2020-12-16 00:06:01.23186+00,,,LUT TAWAR,,,1106,
1106032,2020-12-16 00:06:01.234471+00,2020-12-16 00:06:01.234485+00,,,KEBAYAKAN,,,1106,
1106040,2020-12-16 00:06:01.236978+00,2020-12-16 00:06:01.236993+00,,,PEGASING,,,1106,
1106041,2020-12-16 00:06:01.239627+00,2020-12-16 00:06:01.239642+00,,,BIES,,,1106,
1106050,2020-12-16 00:06:01.242667+00,2020-12-16 00:06:01.242681+00,,,BEBESEN,,,1106,
1106051,2020-12-16 00:06:01.245093+00,2020-12-16 00:06:01.245107+00,,,KUTE PANANG,,,1106,
1106060,2020-12-16 00:06:01.248131+00,2020-12-16 00:06:01.248145+00,,,SILIH NARA,,,1106,
1106061,2020-12-16 00:06:01.250534+00,2020-12-16 00:06:01.250548+00,,,KETOL,,,1106,
1106062,2020-12-16 00:06:01.253139+00,2020-12-16 00:06:01.253153+00,,,CELALA,,,1106,
1106063,2020-12-16 00:06:01.255768+00,2020-12-16 00:06:01.255783+00,,,RUSIP ANTARA,,,1106,
1107050,2020-12-16 00:06:01.258392+00,2020-12-16 00:06:01.258413+00,,,JOHAN PAHLAWAN,,,1107,
1107060,2020-12-16 00:06:01.261254+00,2020-12-16 00:06:01.261268+00,,,SAMATIGA,,,1107,
1107061,2020-12-16 00:06:01.264111+00,2020-12-16 00:06:01.264126+00,,,BUBON,,,1107,
1107062,2020-12-16 00:06:01.266916+00,2020-12-16 00:06:01.26693+00,,,ARONGAN LAMBALEK,,,1107,
1107070,2020-12-16 00:06:01.269738+00,2020-12-16 00:06:01.269753+00,,,WOYLA,,,1107,
1107071,2020-12-16 00:06:01.272396+00,2020-12-16 00:06:01.272411+00,,,WOYLA BARAT,,,1107,
1107072,2020-12-16 00:06:01.274877+00,2020-12-16 00:06:01.274891+00,,,WOYLA TIMUR,,,1107,
1107080,2020-12-16 00:06:01.277399+00,2020-12-16 00:06:01.277414+00,,,KAWAY XVI,,,1107,
1107081,2020-12-16 00:06:01.279984+00,2020-12-16 00:06:01.279999+00,,,MEUREUBO,,,1107,
1107082,2020-12-16 00:06:01.282503+00,2020-12-16 00:06:01.282517+00,,,PANTAI CEUREMEN,,,1107,
1107083,2020-12-16 00:06:01.285038+00,2020-12-16 00:06:01.285053+00,,,PANTON REU,,,1107,
1107090,2020-12-16 00:06:01.287565+00,2020-12-16 00:06:01.287578+00,,,SUNGAI MAS,,,1107,
1108010,2020-12-16 00:06:01.290234+00,2020-12-16 00:06:01.290248+00,,,LHOONG,,,1108,
1108020,2020-12-16 00:06:01.292881+00,2020-12-16 00:06:01.292896+00,,,LHOKNGA,,,1108,
1108021,2020-12-16 00:06:01.295699+00,2020-12-16 00:06:01.295713+00,,,LEUPUNG,,,1108,
1108030,2020-12-16 00:06:01.29851+00,2020-12-16 00:06:01.298525+00,,,INDRAPURI,,,1108,
1108031,2020-12-16 00:06:01.301482+00,2020-12-16 00:06:01.301497+00,,,KUTA COT GLIE,,,1108,
1108040,2020-12-16 00:06:01.304055+00,2020-12-16 00:06:01.30407+00,,,SEULIMEUM,,,1108,
1108041,2020-12-16 00:06:01.30704+00,2020-12-16 00:06:01.307067+00,,,KOTA JANTHO,,,1108,
1108042,2020-12-16 00:06:01.310044+00,2020-12-16 00:06:01.310059+00,,,LEMBAH SEULAWAH,,,1108,
1108050,2020-12-16 00:06:01.312648+00,2020-12-16 00:06:01.312671+00,,,MESJID RAYA,,,1108,
1108060,2020-12-16 00:06:01.315144+00,2020-12-16 00:06:01.315158+00,,,DARUSSALAM,,,1108,
1108061,2020-12-16 00:06:01.317709+00,2020-12-16 00:06:01.317723+00,,,BAITUSSALAM,,,1108,
1108070,2020-12-16 00:06:01.320416+00,2020-12-16 00:06:01.320431+00,,,KUTA BARO,,,1108,
1108080,2020-12-16 00:06:01.323078+00,2020-12-16 00:06:01.323092+00,,,MONTASIK,,,1108,
1108081,2020-12-16 00:06:01.325515+00,2020-12-16 00:06:01.325529+00,,,BLANG BINTANG,,,1108,
1108090,2020-12-16 00:06:01.327998+00,2020-12-16 00:06:01.328012+00,,,INGIN JAYA,,,1108,
1108091,2020-12-16 00:06:01.330475+00,2020-12-16 00:06:01.330487+00,,,KRUENG BARONA JAYA,,,1108,
1108100,2020-12-16 00:06:01.333455+00,2020-12-16 00:06:01.333469+00,,,SUKA MAKMUR,,,1108,
1108101,2020-12-16 00:06:01.336171+00,2020-12-16 00:06:01.336185+00,,,KUTA MALAKA,,,1108,
1108102,2020-12-16 00:06:01.339109+00,2020-12-16 00:06:01.339123+00,,,SIMPANG TIGA,,,1108,
1108110,2020-12-16 00:06:01.342143+00,2020-12-16 00:06:01.342158+00,,,DARUL IMARAH,,,1108,
1108111,2020-12-16 00:06:01.345078+00,2020-12-16 00:06:01.345114+00,,,DARUL KAMAL,,,1108,
1108120,2020-12-16 00:06:01.348075+00,2020-12-16 00:06:01.348098+00,,,PEUKAN BADA,,,1108,
1108130,2020-12-16 00:06:01.351139+00,2020-12-16 00:06:01.351163+00,,,PULO ACEH,,,1108,
1109010,2020-12-16 00:06:01.354096+00,2020-12-16 00:06:01.354111+00,,,GEUMPANG,,,1109,
1109011,2020-12-16 00:06:01.356577+00,2020-12-16 00:06:01.356591+00,,,MANE,,,1109,
1109070,2020-12-16 00:06:01.359177+00,2020-12-16 00:06:01.359194+00,,,GLUMPANG TIGA,,,1109,
1109071,2020-12-16 00:06:01.361939+00,2020-12-16 00:06:01.361954+00,,,GLUMPANG BARO,,,1109,
1109080,2020-12-16 00:06:01.364748+00,2020-12-16 00:06:01.364762+00,,,MUTIARA,,,1109,
1109081,2020-12-16 00:06:01.367289+00,2020-12-16 00:06:01.367304+00,,,MUTIARA TIMUR,,,1109,
1109090,2020-12-16 00:06:01.369934+00,2020-12-16 00:06:01.369949+00,,,TIRO/TRUSEB,,,1109,
1109100,2020-12-16 00:06:01.372544+00,2020-12-16 00:06:01.372558+00,,,TANGSE,,,1109,
1109111,2020-12-16 00:06:01.375142+00,2020-12-16 00:06:01.375156+00,,,KEUMALA,,,1109,
1109112,2020-12-16 00:06:01.377811+00,2020-12-16 00:06:01.377826+00,,,TITEUE,,,1109,
1109120,2020-12-16 00:06:01.380372+00,2020-12-16 00:06:01.380387+00,,,SAKTI,,,1109,
1109130,2020-12-16 00:06:01.382771+00,2020-12-16 00:06:01.382786+00,,,MILA,,,1109,
1109140,2020-12-16 00:06:01.38529+00,2020-12-16 00:06:01.385317+00,,,PADANG TIJI,,,1109,
1109150,2020-12-16 00:06:01.388447+00,2020-12-16 00:06:01.388478+00,,,DELIMA,,,1109,
1109151,2020-12-16 00:06:01.391811+00,2020-12-16 00:06:01.391843+00,,,GRONG GRONG,,,1109,
1109160,2020-12-16 00:06:01.394973+00,2020-12-16 00:06:01.395004+00,,,INDRAJAYA,,,1109,
1109170,2020-12-16 00:06:01.398153+00,2020-12-16 00:06:01.398166+00,,,PEUKAN BARO,,,1109,
1109180,2020-12-16 00:06:01.400412+00,2020-12-16 00:06:01.400424+00,,,KEMBANG TANJONG,,,1109,
1109190,2020-12-16 00:06:01.402664+00,2020-12-16 00:06:01.402676+00,,,SIMPANG TIGA,,,1109,
1109200,2020-12-16 00:06:01.404939+00,2020-12-16 00:06:01.404951+00,,,KOTA SIGLI,,,1109,
1109210,2020-12-16 00:06:01.406904+00,2020-12-16 00:06:01.406915+00,,,PIDIE,,,1109,
1109220,2020-12-16 00:06:01.408958+00,2020-12-16 00:06:01.408972+00,,,BATEE,,,1109,
1109230,2020-12-16 00:06:01.411541+00,2020-12-16 00:06:01.411558+00,,,MUARA TIGA,,,1109,
1110010,2020-12-16 00:06:01.414231+00,2020-12-16 00:06:01.414245+00,,,SAMALANGA,,,1110,
1110011,2020-12-16 00:06:01.416526+00,2020-12-16 00:06:01.416539+00,,,SIMPANG MAMPLAM,,,1110,
1110020,2020-12-16 00:06:01.419272+00,2020-12-16 00:06:01.419286+00,,,PANDRAH,,,1110,
1110030,2020-12-16 00:06:01.421778+00,2020-12-16 00:06:01.421791+00,,,JEUNIEB,,,1110,
1110031,2020-12-16 00:06:01.424254+00,2020-12-16 00:06:01.424266+00,,,PEULIMBANG,,,1110,
1110040,2020-12-16 00:06:01.426715+00,2020-12-16 00:06:01.426729+00,,,PEUDADA,,,1110,
1110050,2020-12-16 00:06:01.428913+00,2020-12-16 00:06:01.428926+00,,,JULI,,,1110,
1110060,2020-12-16 00:06:01.431344+00,2020-12-16 00:06:01.431357+00,,,JEUMPA,,,1110,
1110061,2020-12-16 00:06:01.433489+00,2020-12-16 00:06:01.433501+00,,,KOTA JUANG,,,1110,
1110062,2020-12-16 00:06:01.43548+00,2020-12-16 00:06:01.435492+00,,,KUALA,,,1110,
1110070,2020-12-16 00:06:01.437458+00,2020-12-16 00:06:01.437469+00,,,JANGKA,,,1110,
1110080,2020-12-16 00:06:01.439466+00,2020-12-16 00:06:01.439477+00,,,PEUSANGAN,,,1110,
1110081,2020-12-16 00:06:01.441418+00,2020-12-16 00:06:01.441429+00,,,PEUSANGAN SELATAN,,,1110,
1110082,2020-12-16 00:06:01.443432+00,2020-12-16 00:06:01.443444+00,,,PEUSANGAN SIBLAH KRUENG,,,1110,
1110090,2020-12-16 00:06:01.44553+00,2020-12-16 00:06:01.445541+00,,,MAKMUR,,,1110,
1110100,2020-12-16 00:06:01.447613+00,2020-12-16 00:06:01.447625+00,,,GANDA PURA,,,1110,
1110101,2020-12-16 00:06:01.449612+00,2020-12-16 00:06:01.449623+00,,,KUTA BLANG,,,1110,
1111010,2020-12-16 00:06:01.451689+00,2020-12-16 00:06:01.451701+00,,,SAWANG,,,1111,
1111020,2020-12-16 00:06:01.453737+00,2020-12-16 00:06:01.453748+00,,,NISAM,,,1111,
1111021,2020-12-16 00:06:01.45581+00,2020-12-16 00:06:01.455821+00,,,NISAM ANTARA,,,1111,
1111022,2020-12-16 00:06:01.457814+00,2020-12-16 00:06:01.457825+00,,,BANDA BARO,,,1111,
1111030,2020-12-16 00:06:01.459788+00,2020-12-16 00:06:01.459801+00,,,KUTA MAKMUR,,,1111,
1111031,2020-12-16 00:06:01.462242+00,2020-12-16 00:06:01.462256+00,,,SIMPANG KERAMAT,,,1111,
1111040,2020-12-16 00:06:01.464293+00,2020-12-16 00:06:01.464307+00,,,SYAMTALIRA BAYU,,,1111,
1111041,2020-12-16 00:06:01.466165+00,2020-12-16 00:06:01.466178+00,,,GEUREUDONG PASE,,,1111,
1111050,2020-12-16 00:06:01.468721+00,2020-12-16 00:06:01.468735+00,,,MEURAH MULIA,,,1111,
1111060,2020-12-16 00:06:01.471355+00,2020-12-16 00:06:01.471369+00,,,MATANGKULI,,,1111,
1111061,2020-12-16 00:06:01.474068+00,2020-12-16 00:06:01.474081+00,,,PAYA BAKONG,,,1111,
1111062,2020-12-16 00:06:01.476695+00,2020-12-16 00:06:01.47671+00,,,PIRAK TIMU,,,1111,
1111070,2020-12-16 00:06:01.479618+00,2020-12-16 00:06:01.479632+00,,,COT GIREK,,,1111,
1111080,2020-12-16 00:06:01.482219+00,2020-12-16 00:06:01.482234+00,,,TANAH JAMBO AYE,,,1111,
1111081,2020-12-16 00:06:01.48473+00,2020-12-16 00:06:01.484745+00,,,LANGKAHAN,,,1111,
1111090,2020-12-16 00:06:01.487337+00,2020-12-16 00:06:01.487352+00,,,SEUNUDDON,,,1111,
1111100,2020-12-16 00:06:01.489931+00,2020-12-16 00:06:01.489944+00,,,BAKTIYA,,,1111,
1111101,2020-12-16 00:06:01.492394+00,2020-12-16 00:06:01.492407+00,,,BAKTIYA BARAT,,,1111,
1111110,2020-12-16 00:06:01.494716+00,2020-12-16 00:06:01.494728+00,,,LHOKSUKON,,,1111,
1111120,2020-12-16 00:06:01.497063+00,2020-12-16 00:06:01.497075+00,,,TANAH LUAS,,,1111,
1111121,2020-12-16 00:06:01.499638+00,2020-12-16 00:06:01.499651+00,,,NIBONG,,,1111,
1111130,2020-12-16 00:06:01.502201+00,2020-12-16 00:06:01.502216+00,,,SAMUDERA,,,1111,
1111140,2020-12-16 00:06:01.504803+00,2020-12-16 00:06:01.504816+00,,,SYAMTALIRA ARON,,,1111,
1111150,2020-12-16 00:06:01.507225+00,2020-12-16 00:06:01.507239+00,,,TANAH PASIR,,,1111,
1111151,2020-12-16 00:06:01.509627+00,2020-12-16 00:06:01.509641+00,,,LAPANG,,,1111,
1111160,2020-12-16 00:06:01.512127+00,2020-12-16 00:06:01.512145+00,,,MUARA BATU,,,1111,
1111170,2020-12-16 00:06:01.515258+00,2020-12-16 00:06:01.515276+00,,,DEWANTARA,,,1111,
1112010,2020-12-16 00:06:01.518289+00,2020-12-16 00:06:01.518303+00,,,MANGGENG,,,1112,
1112011,2020-12-16 00:06:01.521156+00,2020-12-16 00:06:01.52117+00,,,LEMBAH SABIL,,,1112,
1112020,2020-12-16 00:06:01.523816+00,2020-12-16 00:06:01.523831+00,,,TANGAN-TANGAN,,,1112,
1112021,2020-12-16 00:06:01.526898+00,2020-12-16 00:06:01.526912+00,,,SETIA,,,1112,
1112030,2020-12-16 00:06:01.529587+00,2020-12-16 00:06:01.529601+00,,,BLANG PIDIE,,,1112,
1112031,2020-12-16 00:06:01.532048+00,2020-12-16 00:06:01.532062+00,,,JEUMPA,,,1112,
1112040,2020-12-16 00:06:01.534844+00,2020-12-16 00:06:01.534858+00,,,SUSOH,,,1112,
1112050,2020-12-16 00:06:01.537738+00,2020-12-16 00:06:01.537753+00,,,KUALA BATEE,,,1112,
1112060,2020-12-16 00:06:01.54078+00,2020-12-16 00:06:01.540803+00,,,BABAH ROT,,,1112,
1113010,2020-12-16 00:06:01.543786+00,2020-12-16 00:06:01.543808+00,,,KUTA PANJANG,,,1113,
1113011,2020-12-16 00:06:01.546811+00,2020-12-16 00:06:01.546834+00,,,BLANG JERANGO,,,1113,
1113020,2020-12-16 00:06:01.550276+00,2020-12-16 00:06:01.5503+00,,,BLANGKEJEREN,,,1113,
1113021,2020-12-16 00:06:01.553726+00,2020-12-16 00:06:01.553752+00,,,PUTRI BETUNG,,,1113,
1113022,2020-12-16 00:06:01.556681+00,2020-12-16 00:06:01.556703+00,,,DABUN GELANG,,,1113,
1113023,2020-12-16 00:06:01.559579+00,2020-12-16 00:06:01.5596+00,,,BLANG PEGAYON,,,1113,
1113030,2020-12-16 00:06:01.562616+00,2020-12-16 00:06:01.562639+00,,,PINING,,,1113,
1113040,2020-12-16 00:06:01.565924+00,2020-12-16 00:06:01.565948+00,,,RIKIT GAIB,,,1113,
1113041,2020-12-16 00:06:01.569124+00,2020-12-16 00:06:01.569148+00,,,PANTAN CUACA,,,1113,
1113050,2020-12-16 00:06:01.572352+00,2020-12-16 00:06:01.57238+00,,,TERANGUN,,,1113,
1113051,2020-12-16 00:06:01.575952+00,2020-12-16 00:06:01.575978+00,,,TRIPE JAYA,,,1113,
1114010,2020-12-16 00:06:01.579161+00,2020-12-16 00:06:01.579186+00,,,TAMIANG HULU,,,1114,
1114011,2020-12-16 00:06:01.582803+00,2020-12-16 00:06:01.582838+00,,,BANDAR PUSAKA,,,1114,
1114020,2020-12-16 00:06:01.586359+00,2020-12-16 00:06:01.586381+00,,,KEJURUAN MUDA,,,1114,
1114021,2020-12-16 00:06:01.589408+00,2020-12-16 00:06:01.58943+00,,,TENGGULUN,,,1114,
1114030,2020-12-16 00:06:01.592635+00,2020-12-16 00:06:01.59266+00,,,RANTAU,,,1114,
1114040,2020-12-16 00:06:01.595894+00,2020-12-16 00:06:01.59592+00,,,KOTA KUALA SIMPANG,,,1114,
1114050,2020-12-16 00:06:01.599289+00,2020-12-16 00:06:01.599314+00,,,SERUWAY,,,1114,
1114060,2020-12-16 00:06:01.602716+00,2020-12-16 00:06:01.602741+00,,,BENDAHARA,,,1114,
1114061,2020-12-16 00:06:01.605766+00,2020-12-16 00:06:01.60579+00,,,BANDA MULIA,,,1114,
1114070,2020-12-16 00:06:01.608901+00,2020-12-16 00:06:01.608925+00,,,KARANG BARU,,,1114,
1114071,2020-12-16 00:06:01.612348+00,2020-12-16 00:06:01.612372+00,,,SEKERAK,,,1114,
1114080,2020-12-16 00:06:01.616067+00,2020-12-16 00:06:01.616094+00,,,MANYAK PAYED,,,1114,
1115010,2020-12-16 00:06:01.619708+00,2020-12-16 00:06:01.619734+00,,,DARUL MAKMUR,,,1115,
1115011,2020-12-16 00:06:01.623235+00,2020-12-16 00:06:01.62326+00,,,TRIPA MAKMUR,,,1115,
1115020,2020-12-16 00:06:01.626596+00,2020-12-16 00:06:01.626621+00,,,KUALA,,,1115,
1115021,2020-12-16 00:06:01.629919+00,2020-12-16 00:06:01.629944+00,,,KUALA PESISIR,,,1115,
1115022,2020-12-16 00:06:01.633153+00,2020-12-16 00:06:01.633178+00,,,TADU RAYA,,,1115,
1115030,2020-12-16 00:06:01.636689+00,2020-12-16 00:06:01.636713+00,,,BEUTONG,,,1115,
1115031,2020-12-16 00:06:01.640277+00,2020-12-16 00:06:01.640301+00,,,BEUTONG ATEUH BANGGALANG,,,1115,
1115040,2020-12-16 00:06:01.643562+00,2020-12-16 00:06:01.643587+00,,,SEUNAGAN,,,1115,
1115041,2020-12-16 00:06:01.646692+00,2020-12-16 00:06:01.646717+00,,,SUKA MAKMUE,,,1115,
1115050,2020-12-16 00:06:01.650007+00,2020-12-16 00:06:01.650032+00,,,SEUNAGAN TIMUR,,,1115,
1116010,2020-12-16 00:06:01.653361+00,2020-12-16 00:06:01.653386+00,,,TEUNOM,,,1116,
1116011,2020-12-16 00:06:01.656832+00,2020-12-16 00:06:01.656858+00,,,PASIE RAYA,,,1116,
1116020,2020-12-16 00:06:01.660466+00,2020-12-16 00:06:01.660492+00,,,PANGA,,,1116,
1116030,2020-12-16 00:06:01.663784+00,2020-12-16 00:06:01.663809+00,,,KRUENG SABEE,,,1116,
1116040,2020-12-16 00:06:01.66705+00,2020-12-16 00:06:01.667075+00,,,SETIA BAKTI,,,1116,
1116050,2020-12-16 00:06:01.670292+00,2020-12-16 00:06:01.670317+00,,,SAMPOINIET,,,1116,
1116051,2020-12-16 00:06:01.673522+00,2020-12-16 00:06:01.673548+00,,,DARUL HIKMAH,,,1116,
1116060,2020-12-16 00:06:01.676724+00,2020-12-16 00:06:01.67675+00,,,JAYA,,,1116,
1116061,2020-12-16 00:06:01.679966+00,2020-12-16 00:06:01.67999+00,,,INDRA JAYA,,,1116,
1117010,2020-12-16 00:06:01.683113+00,2020-12-16 00:06:01.683136+00,,,TIMANG GAJAH,,,1117,
1117011,2020-12-16 00:06:01.686223+00,2020-12-16 00:06:01.686247+00,,,GAJAH PUTIH,,,1117,
1117020,2020-12-16 00:06:01.689504+00,2020-12-16 00:06:01.689531+00,,,PINTU RIME GAYO,,,1117,
1117030,2020-12-16 00:06:01.692867+00,2020-12-16 00:06:01.692894+00,,,BUKIT,,,1117,
1117040,2020-12-16 00:06:01.696243+00,2020-12-16 00:06:01.696269+00,,,WIH PESAM,,,1117,
1117050,2020-12-16 00:06:01.699386+00,2020-12-16 00:06:01.6994+00,,,BANDAR,,,1117,
1117051,2020-12-16 00:06:01.702138+00,2020-12-16 00:06:01.702151+00,,,BENER KELIPAH,,,1117,
1117060,2020-12-16 00:06:01.704938+00,2020-12-16 00:06:01.704952+00,,,SYIAH UTAMA,,,1117,
1117061,2020-12-16 00:06:01.707556+00,2020-12-16 00:06:01.707571+00,,,MESIDAH,,,1117,
1117070,2020-12-16 00:06:01.711625+00,2020-12-16 00:06:01.711672+00,,,PERMATA,,,1117,
1118010,2020-12-16 00:06:01.716146+00,2020-12-16 00:06:01.716194+00,,,MEUREUDU,,,1118,
1118020,2020-12-16 00:06:01.720741+00,2020-12-16 00:06:01.720795+00,,,MEURAH DUA,,,1118,
1118030,2020-12-16 00:06:01.724438+00,2020-12-16 00:06:01.724454+00,,,BANDAR DUA,,,1118,
1118040,2020-12-16 00:06:01.727158+00,2020-12-16 00:06:01.727173+00,,,JANGKA BUYA,,,1118,
1118050,2020-12-16 00:06:01.72995+00,2020-12-16 00:06:01.729965+00,,,ULIM,,,1118,
1118060,2020-12-16 00:06:01.732613+00,2020-12-16 00:06:01.732628+00,,,TRIENGGADENG,,,1118,
1118070,2020-12-16 00:06:01.735092+00,2020-12-16 00:06:01.735106+00,,,PANTERAJA,,,1118,
1118080,2020-12-16 00:06:01.737601+00,2020-12-16 00:06:01.737615+00,,,BANDAR BARU,,,1118,
1171010,2020-12-16 00:06:01.740262+00,2020-12-16 00:06:01.740276+00,,,MEURAXA,,,1171,
1171011,2020-12-16 00:06:01.742926+00,2020-12-16 00:06:01.742941+00,,,JAYA BARU,,,1171,
1171012,2020-12-16 00:06:01.745717+00,2020-12-16 00:06:01.745731+00,,,BANDA RAYA,,,1171,
1171020,2020-12-16 00:06:01.748347+00,2020-12-16 00:06:01.748361+00,,,BAITURRAHMAN,,,1171,
1171021,2020-12-16 00:06:01.75097+00,2020-12-16 00:06:01.750984+00,,,LUENG BATA,,,1171,
1171030,2020-12-16 00:06:01.75368+00,2020-12-16 00:06:01.753694+00,,,KUTA ALAM,,,1171,
1171031,2020-12-16 00:06:01.756435+00,2020-12-16 00:06:01.756455+00,,,KUTA RAJA,,,1171,
1171040,2020-12-16 00:06:01.759076+00,2020-12-16 00:06:01.759102+00,,,SYIAH KUALA,,,1171,
1171041,2020-12-16 00:06:01.762231+00,2020-12-16 00:06:01.762252+00,,,ULEE KARENG,,,1171,
1172010,2020-12-16 00:06:01.765336+00,2020-12-16 00:06:01.765362+00,,,SUKAJAYA,,,1172,
1172020,2020-12-16 00:06:01.768145+00,2020-12-16 00:06:01.76817+00,,,SUKAKARYA,,,1172,
1173010,2020-12-16 00:06:01.770927+00,2020-12-16 00:06:01.770952+00,,,LANGSA TIMUR,,,1173,
1173011,2020-12-16 00:06:01.773739+00,2020-12-16 00:06:01.773774+00,,,LANGSA LAMA,,,1173,
1173020,2020-12-16 00:06:01.777075+00,2020-12-16 00:06:01.77711+00,,,LANGSA BARAT,,,1173,
1173021,2020-12-16 00:06:01.780714+00,2020-12-16 00:06:01.78075+00,,,LANGSA BARO,,,1173,
1173030,2020-12-16 00:06:01.784203+00,2020-12-16 00:06:01.784237+00,,,LANGSA KOTA,,,1173,
1174010,2020-12-16 00:06:01.787559+00,2020-12-16 00:06:01.787571+00,,,BLANG MANGAT,,,1174,
1174020,2020-12-16 00:06:01.789807+00,2020-12-16 00:06:01.789819+00,,,MUARA DUA,,,1174,
1174021,2020-12-16 00:06:01.792067+00,2020-12-16 00:06:01.79208+00,,,MUARA SATU,,,1174,
1174030,2020-12-16 00:06:01.794311+00,2020-12-16 00:06:01.794324+00,,,BANDA SAKTI,,,1174,
1175010,2020-12-16 00:06:01.796607+00,2020-12-16 00:06:01.79662+00,,,SIMPANG KIRI,,,1175,
1175020,2020-12-16 00:06:01.798902+00,2020-12-16 00:06:01.798914+00,,,PENANGGALAN,,,1175,
1175030,2020-12-16 00:06:01.80109+00,2020-12-16 00:06:01.801102+00,,,RUNDENG,,,1175,
1175040,2020-12-16 00:06:01.803099+00,2020-12-16 00:06:01.80311+00,,,SULTAN DAULAT,,,1175,
1175050,2020-12-16 00:06:01.805283+00,2020-12-16 00:06:01.805295+00,,,LONGKIB,,,1175,
1201060,2020-12-16 00:06:01.807476+00,2020-12-16 00:06:01.807489+00,,,IDANO GAWO,,,1201,
1201061,2020-12-16 00:06:01.809658+00,2020-12-16 00:06:01.809671+00,,,BAWOLATO,,,1201,
1201062,2020-12-16 00:06:01.811536+00,2020-12-16 00:06:01.811549+00,,,ULUGAWO,,,1201,
1201070,2020-12-16 00:06:01.813167+00,2020-12-16 00:06:01.813179+00,,,GIDO,,,1201,
1201071,2020-12-16 00:06:01.814822+00,2020-12-16 00:06:01.814833+00,,,SOGAEADU,,,1201,
1201081,2020-12-16 00:06:01.816413+00,2020-12-16 00:06:01.816425+00,,,MA U,,,1201,
1201082,2020-12-16 00:06:01.818311+00,2020-12-16 00:06:01.818323+00,,,SOMOLO - MOLO,,,1201,
1201130,2020-12-16 00:06:01.820191+00,2020-12-16 00:06:01.820204+00,,,HILIDUHO,,,1201,
1201131,2020-12-16 00:06:01.822032+00,2020-12-16 00:06:01.822044+00,,,HILI SERANGKAI,,,1201,
1201132,2020-12-16 00:06:01.82407+00,2020-12-16 00:06:01.824087+00,,,BOTOMUZOI,,,1201,
1202010,2020-12-16 00:06:01.826454+00,2020-12-16 00:06:01.826468+00,,,BATAHAN,,,1202,
1202011,2020-12-16 00:06:01.828536+00,2020-12-16 00:06:01.828549+00,,,SINUNUKAN,,,1202,
1202020,2020-12-16 00:06:01.830472+00,2020-12-16 00:06:01.830484+00,,,BATANG NATAL,,,1202,
1202021,2020-12-16 00:06:01.832539+00,2020-12-16 00:06:01.832551+00,,,LINGGA BAYU,,,1202,
1202022,2020-12-16 00:06:01.834703+00,2020-12-16 00:06:01.834716+00,,,RANTO BAEK,,,1202,
1202030,2020-12-16 00:06:01.836774+00,2020-12-16 00:06:01.836786+00,,,KOTANOPAN,,,1202,
1202031,2020-12-16 00:06:01.838873+00,2020-12-16 00:06:01.838885+00,,,ULU PUNGKUT,,,1202,
1202032,2020-12-16 00:06:01.84088+00,2020-12-16 00:06:01.840892+00,,,TAMBANGAN,,,1202,
1202033,2020-12-16 00:06:01.84256+00,2020-12-16 00:06:01.842571+00,,,LEMBAH SORIK MARAPI,,,1202,
1202034,2020-12-16 00:06:01.844291+00,2020-12-16 00:06:01.844304+00,,,PUNCAK SORIK MARAPI,,,1202,
1202040,2020-12-16 00:06:01.846625+00,2020-12-16 00:06:01.84664+00,,,MUARA SIPONGI,,,1202,
1202041,2020-12-16 00:06:01.849112+00,2020-12-16 00:06:01.849126+00,,,PAKANTAN,,,1202,
1202050,2020-12-16 00:06:01.851721+00,2020-12-16 00:06:01.851735+00,,,PANYABUNGAN,,,1202,
1202051,2020-12-16 00:06:01.854103+00,2020-12-16 00:06:01.854116+00,,,PANYABUNGAN SELATAN,,,1202,
1202052,2020-12-16 00:06:01.856559+00,2020-12-16 00:06:01.856573+00,,,PANYABUNGAN BARAT,,,1202,
1202053,2020-12-16 00:06:01.85912+00,2020-12-16 00:06:01.859145+00,,,PANYABUNGAN UTARA,,,1202,
1202054,2020-12-16 00:06:01.861758+00,2020-12-16 00:06:01.861772+00,,,PANYABUNGAN TIMUR,,,1202,
1202055,2020-12-16 00:06:01.864511+00,2020-12-16 00:06:01.864525+00,,,HUTA BARGOT,,,1202,
1202060,2020-12-16 00:06:01.867071+00,2020-12-16 00:06:01.867085+00,,,NATAL,,,1202,
1202070,2020-12-16 00:06:01.869674+00,2020-12-16 00:06:01.869688+00,,,MUARA BATANG GADIS,,,1202,
1202080,2020-12-16 00:06:01.872233+00,2020-12-16 00:06:01.872245+00,,,SIABU,,,1202,
1202081,2020-12-16 00:06:01.874821+00,2020-12-16 00:06:01.874856+00,,,BUKIT MALINTANG,,,1202,
1202082,2020-12-16 00:06:01.878087+00,2020-12-16 00:06:01.878118+00,,,NAGA JUANG,,,1202,
1203010,2020-12-16 00:06:01.881198+00,2020-12-16 00:06:01.881229+00,,,BATANG ANGKOLA,,,1203,
1203011,2020-12-16 00:06:01.884143+00,2020-12-16 00:06:01.884164+00,,,SAYUR MATINGGI,,,1203,
1203012,2020-12-16 00:06:01.886967+00,2020-12-16 00:06:01.886989+00,,,TANO TOMBANGAN ANGKOLA,,,1203,
1203070,2020-12-16 00:06:01.88989+00,2020-12-16 00:06:01.889911+00,,,ANGKOLA TIMUR,,,1203,
1203080,2020-12-16 00:06:01.892855+00,2020-12-16 00:06:01.892875+00,,,ANGKOLA SELATAN,,,1203,
1203090,2020-12-16 00:06:01.895976+00,2020-12-16 00:06:01.895998+00,,,ANGKOLA  BARAT,,,1203,
1203091,2020-12-16 00:06:01.899019+00,2020-12-16 00:06:01.89904+00,,,ANGKOLA SANGKUNUR,,,1203,
1203100,2020-12-16 00:06:01.902085+00,2020-12-16 00:06:01.902106+00,,,BATANG TORU,,,1203,
1203101,2020-12-16 00:06:01.905122+00,2020-12-16 00:06:01.905144+00,,,MARANCAR,,,1203,
1203102,2020-12-16 00:06:01.908086+00,2020-12-16 00:06:01.908108+00,,,MUARA BATANG TORU,,,1203,
1203110,2020-12-16 00:06:01.911551+00,2020-12-16 00:06:01.911577+00,,,SIPIROK,,,1203,
1203120,2020-12-16 00:06:01.915117+00,2020-12-16 00:06:01.915143+00,,,ARSE,,,1203,
1203160,2020-12-16 00:06:01.918656+00,2020-12-16 00:06:01.918681+00,,,SAIPAR DOLOK HOLE,,,1203,
1203161,2020-12-16 00:06:01.921908+00,2020-12-16 00:06:01.921933+00,,,AEK BILAH,,,1203,
1204010,2020-12-16 00:06:01.924786+00,2020-12-16 00:06:01.924811+00,,,PINANG SORI,,,1204,
1204011,2020-12-16 00:06:01.92767+00,2020-12-16 00:06:01.927694+00,,,BADIRI,,,1204,
1204020,2020-12-16 00:06:01.931075+00,2020-12-16 00:06:01.931108+00,,,SIBABANGUN,,,1204,
1204021,2020-12-16 00:06:01.934622+00,2020-12-16 00:06:01.934655+00,,,LUMUT,,,1204,
1204022,2020-12-16 00:06:01.937901+00,2020-12-16 00:06:01.937914+00,,,SUKABANGUN,,,1204,
1204030,2020-12-16 00:06:01.940233+00,2020-12-16 00:06:01.940246+00,,,PANDAN,,,1204,
1204031,2020-12-16 00:06:01.942451+00,2020-12-16 00:06:01.942463+00,,,TUKKA,,,1204,
1204032,2020-12-16 00:06:01.944657+00,2020-12-16 00:06:01.94467+00,,,SARUDIK,,,1204,
1204040,2020-12-16 00:06:01.94681+00,2020-12-16 00:06:01.946821+00,,,TAPIAN NAULI,,,1204,
1204041,2020-12-16 00:06:01.949048+00,2020-12-16 00:06:01.949061+00,,,SITAHUIS,,,1204,
1204050,2020-12-16 00:06:01.951314+00,2020-12-16 00:06:01.951327+00,,,KOLANG,,,1204,
1204060,2020-12-16 00:06:01.953697+00,2020-12-16 00:06:01.95371+00,,,SORKAM,,,1204,
1204061,2020-12-16 00:06:01.955724+00,2020-12-16 00:06:01.955737+00,,,SORKAM BARAT,,,1204,
1204062,2020-12-16 00:06:01.957668+00,2020-12-16 00:06:01.95768+00,,,PASARIBU TOBING,,,1204,
1204070,2020-12-16 00:06:01.959862+00,2020-12-16 00:06:01.959905+00,,,BARUS,,,1204,
1204071,2020-12-16 00:06:01.963857+00,2020-12-16 00:06:01.9639+00,,,SOSOR GADONG,,,1204,
1204072,2020-12-16 00:06:01.967759+00,2020-12-16 00:06:01.967802+00,,,ANDAM DEWI,,,1204,
1204073,2020-12-16 00:06:01.971412+00,2020-12-16 00:06:01.971426+00,,,BARUS UTARA,,,1204,
1204080,2020-12-16 00:06:01.973837+00,2020-12-16 00:06:01.973851+00,,,MANDUAMAS,,,1204,
1204081,2020-12-16 00:06:01.97662+00,2020-12-16 00:06:01.976634+00,,,SIRANDORUNG,,,1204,
1205030,2020-12-16 00:06:01.97987+00,2020-12-16 00:06:01.979894+00,,,PARMONANGAN,,,1205,
1205040,2020-12-16 00:06:01.982557+00,2020-12-16 00:06:01.982572+00,,,ADIAN KOTING,,,1205,
1205050,2020-12-16 00:06:01.985037+00,2020-12-16 00:06:01.985051+00,,,SIPOHOLON,,,1205,
1205060,2020-12-16 00:06:01.98732+00,2020-12-16 00:06:01.987333+00,,,TARUTUNG,,,1205,
1205061,2020-12-16 00:06:01.989618+00,2020-12-16 00:06:01.989633+00,,,SIATAS BARITA,,,1205,
1205070,2020-12-16 00:06:01.991933+00,2020-12-16 00:06:01.991948+00,,,PAHAE JULU,,,1205,
1205080,2020-12-16 00:06:01.995399+00,2020-12-16 00:06:01.995461+00,,,PAHAE JAE,,,1205,
1205081,2020-12-16 00:06:01.999473+00,2020-12-16 00:06:01.999511+00,,,PURBATUA,,,1205,
1205082,2020-12-16 00:06:02.003814+00,2020-12-16 00:06:02.003854+00,,,SIMANGUMBAN,,,1205,
1205090,2020-12-16 00:06:02.00808+00,2020-12-16 00:06:02.008096+00,,,PANGARIBUAN,,,1205,
1205100,2020-12-16 00:06:02.011067+00,2020-12-16 00:06:02.011111+00,,,GAROGA,,,1205,
1205110,2020-12-16 00:06:02.014721+00,2020-12-16 00:06:02.014757+00,,,SIPAHUTAR,,,1205,
1205120,2020-12-16 00:06:02.01859+00,2020-12-16 00:06:02.018628+00,,,SIBORONG-BORONG,,,1205,
1205130,2020-12-16 00:06:02.022836+00,2020-12-16 00:06:02.022876+00,,,PAGARAN,,,1205,
1205180,2020-12-16 00:06:02.026574+00,2020-12-16 00:06:02.026587+00,,,MUARA,,,1205,
1206030,2020-12-16 00:06:02.028889+00,2020-12-16 00:06:02.028902+00,,,BALIGE,,,1206,
1206031,2020-12-16 00:06:02.031834+00,2020-12-16 00:06:02.031851+00,,,TAMPAHAN,,,1206,
1206040,2020-12-16 00:06:02.034835+00,2020-12-16 00:06:02.034848+00,,,LAGUBOTI,,,1206,
1206050,2020-12-16 00:06:02.037338+00,2020-12-16 00:06:02.037352+00,,,HABINSARAN,,,1206,
1206051,2020-12-16 00:06:02.039666+00,2020-12-16 00:06:02.039678+00,,,BORBOR,,,1206,
1206052,2020-12-16 00:06:02.041895+00,2020-12-16 00:06:02.041908+00,,,NASSAU,,,1206,
1206060,2020-12-16 00:06:02.044159+00,2020-12-16 00:06:02.044171+00,,,SILAEN,,,1206,
1206061,2020-12-16 00:06:02.046357+00,2020-12-16 00:06:02.046368+00,,,SIGUMPAR,,,1206,
1206070,2020-12-16 00:06:02.048655+00,2020-12-16 00:06:02.048667+00,,,PORSEA,,,1206,
1206071,2020-12-16 00:06:02.051321+00,2020-12-16 00:06:02.051334+00,,,PINTU POHAN MERANTI,,,1206,
1206072,2020-12-16 00:06:02.053602+00,2020-12-16 00:06:02.053615+00,,,SIANTAR NARUMONDA,,,1206,
1206073,2020-12-16 00:06:02.055682+00,2020-12-16 00:06:02.055694+00,,,PARMAKSIAN,,,1206,
1206080,2020-12-16 00:06:02.057963+00,2020-12-16 00:06:02.057976+00,,,LUMBAN JULU,,,1206,
1206081,2020-12-16 00:06:02.060241+00,2020-12-16 00:06:02.060253+00,,,ULUAN,,,1206,
1206082,2020-12-16 00:06:02.062459+00,2020-12-16 00:06:02.062471+00,,,AJIBATA,,,1206,
1206083,2020-12-16 00:06:02.065124+00,2020-12-16 00:06:02.065137+00,,,BONATUA LUNASI,,,1206,
1207050,2020-12-16 00:06:02.06779+00,2020-12-16 00:06:02.067805+00,,,BILAH HULU,,,1207,
1207070,2020-12-16 00:06:02.070407+00,2020-12-16 00:06:02.07042+00,,,PANGKATAN,,,1207,
1207080,2020-12-16 00:06:02.072825+00,2020-12-16 00:06:02.072838+00,,,BILAH BARAT,,,1207,
1207130,2020-12-16 00:06:02.075382+00,2020-12-16 00:06:02.075395+00,,,BILAH HILIR,,,1207,
1207140,2020-12-16 00:06:02.077987+00,2020-12-16 00:06:02.078+00,,,PANAI HULU,,,1207,
1207150,2020-12-16 00:06:02.080614+00,2020-12-16 00:06:02.080627+00,,,PANAI TENGAH,,,1207,
1207160,2020-12-16 00:06:02.083061+00,2020-12-16 00:06:02.083074+00,,,PANAI HILIR,,,1207,
1207210,2020-12-16 00:06:02.08542+00,2020-12-16 00:06:02.085433+00,,,RANTAU SELATAN,,,1207,
1207220,2020-12-16 00:06:02.088012+00,2020-12-16 00:06:02.088024+00,,,RANTAU UTARA,,,1207,
1208010,2020-12-16 00:06:02.09108+00,2020-12-16 00:06:02.091095+00,,,BANDAR PASIR MANDOGE,,,1208,
1208020,2020-12-16 00:06:02.094047+00,2020-12-16 00:06:02.094062+00,,,BANDAR PULAU,,,1208,
1208021,2020-12-16 00:06:02.096853+00,2020-12-16 00:06:02.096865+00,,,AEK SONGSONGAN,,,1208,
1208022,2020-12-16 00:06:02.09955+00,2020-12-16 00:06:02.099563+00,,,RAHUNING,,,1208,
1208030,2020-12-16 00:06:02.102033+00,2020-12-16 00:06:02.102053+00,,,PULAU RAKYAT,,,1208,
1208031,2020-12-16 00:06:02.10482+00,2020-12-16 00:06:02.104839+00,,,AEK KUASAN,,,1208,
1208032,2020-12-16 00:06:02.107666+00,2020-12-16 00:06:02.10769+00,,,AEK LEDONG,,,1208,
1208040,2020-12-16 00:06:02.110345+00,2020-12-16 00:06:02.110364+00,,,SEI KEPAYANG,,,1208,
1208041,2020-12-16 00:06:02.113416+00,2020-12-16 00:06:02.113437+00,,,SEI KEPAYANG BARAT,,,1208,
1208042,2020-12-16 00:06:02.116592+00,2020-12-16 00:06:02.116615+00,,,SEI KEPAYANG TIMUR,,,1208,
1208050,2020-12-16 00:06:02.119854+00,2020-12-16 00:06:02.119876+00,,,TANJUNG BALAI,,,1208,
1208060,2020-12-16 00:06:02.124229+00,2020-12-16 00:06:02.124254+00,,,SIMPANG EMPAT,,,1208,
1208061,2020-12-16 00:06:02.127144+00,2020-12-16 00:06:02.127167+00,,,TELUK DALAM,,,1208,
1208070,2020-12-16 00:06:02.130048+00,2020-12-16 00:06:02.130071+00,,,AIR BATU,,,1208,
1208071,2020-12-16 00:06:02.13292+00,2020-12-16 00:06:02.132946+00,,,SEI DADAP,,,1208,
1208080,2020-12-16 00:06:02.13585+00,2020-12-16 00:06:02.135866+00,,,BUNTU PANE,,,1208,
1208081,2020-12-16 00:06:02.13836+00,2020-12-16 00:06:02.138375+00,,,TINGGI RAJA,,,1208,
1208082,2020-12-16 00:06:02.140793+00,2020-12-16 00:06:02.140806+00,,,SETIA JANJI,,,1208,
1208090,2020-12-16 00:06:02.143469+00,2020-12-16 00:06:02.143482+00,,,MERANTI,,,1208,
1208091,2020-12-16 00:06:02.146112+00,2020-12-16 00:06:02.146126+00,,,PULO BANDRING,,,1208,
1208092,2020-12-16 00:06:02.148794+00,2020-12-16 00:06:02.148807+00,,,RAWANG PANCA ARGA,,,1208,
1208100,2020-12-16 00:06:02.151425+00,2020-12-16 00:06:02.151439+00,,,AIR JOMAN,,,1208,
1208101,2020-12-16 00:06:02.153909+00,2020-12-16 00:06:02.153924+00,,,SILAU LAUT,,,1208,
1208160,2020-12-16 00:06:02.156311+00,2020-12-16 00:06:02.156326+00,,,KISARAN BARAT,,,1208,
1208170,2020-12-16 00:06:02.158977+00,2020-12-16 00:06:02.158991+00,,,KISARAN TIMUR,,,1208,
1209010,2020-12-16 00:06:02.16162+00,2020-12-16 00:06:02.161634+00,,,SILIMAKUTA,,,1209,
1209011,2020-12-16 00:06:02.163899+00,2020-12-16 00:06:02.163912+00,,,PEMATANG SILIMAHUTA,,,1209,
1209020,2020-12-16 00:06:02.166107+00,2020-12-16 00:06:02.166119+00,,,PURBA,,,1209,
1209021,2020-12-16 00:06:02.168319+00,2020-12-16 00:06:02.168331+00,,,HARANGGAOL HORISON,,,1209,
1209030,2020-12-16 00:06:02.170493+00,2020-12-16 00:06:02.170505+00,,,DOLOK PARDAMEAN,,,1209,
1209040,2020-12-16 00:06:02.173099+00,2020-12-16 00:06:02.173127+00,,,SIDAMANIK,,,1209,
1209041,2020-12-16 00:06:02.17598+00,2020-12-16 00:06:02.175996+00,,,PEMATANG SIDAMANIK,,,1209,
1209050,2020-12-16 00:06:02.178812+00,2020-12-16 00:06:02.178827+00,,,GIRSANG SIPANGAN BOLON,,,1209,
1209060,2020-12-16 00:06:02.181699+00,2020-12-16 00:06:02.181721+00,,,TANAH JAWA,,,1209,
1209061,2020-12-16 00:06:02.184532+00,2020-12-16 00:06:02.184549+00,,,HATONDUHAN,,,1209,
1209070,2020-12-16 00:06:02.187012+00,2020-12-16 00:06:02.187027+00,,,DOLOK PANRIBUAN,,,1209,
1209080,2020-12-16 00:06:02.189378+00,2020-12-16 00:06:02.189393+00,,,JORLANG HATARAN,,,1209,
1209090,2020-12-16 00:06:02.191726+00,2020-12-16 00:06:02.191742+00,,,PANEI,,,1209,
1209091,2020-12-16 00:06:02.194068+00,2020-12-16 00:06:02.194083+00,,,PANOMBEAN PANEI,,,1209,
1209100,2020-12-16 00:06:02.196714+00,2020-12-16 00:06:02.196728+00,,,RAYA,,,1209,
1209110,2020-12-16 00:06:02.1991+00,2020-12-16 00:06:02.199112+00,,,DOLOK SILAU,,,1209,
1209120,2020-12-16 00:06:02.201561+00,2020-12-16 00:06:02.201576+00,,,SILAU KAHEAN,,,1209,
1209130,2020-12-16 00:06:02.204221+00,2020-12-16 00:06:02.204235+00,,,RAYA KAHEAN,,,1209,
1209140,2020-12-16 00:06:02.206903+00,2020-12-16 00:06:02.206918+00,,,TAPIAN DOLOK,,,1209,
1209150,2020-12-16 00:06:02.209676+00,2020-12-16 00:06:02.20969+00,,,DOLOK BATU NANGGAR,,,1209,
1209160,2020-12-16 00:06:02.212661+00,2020-12-16 00:06:02.212683+00,,,SIANTAR,,,1209,
1209161,2020-12-16 00:06:02.215367+00,2020-12-16 00:06:02.21539+00,,,GUNUNG MALELA,,,1209,
1209162,2020-12-16 00:06:02.218537+00,2020-12-16 00:06:02.218558+00,,,GUNUNG MALIGAS,,,1209,
1209170,2020-12-16 00:06:02.221611+00,2020-12-16 00:06:02.221634+00,,,HUTABAYU RAJA,,,1209,
1209171,2020-12-16 00:06:02.224588+00,2020-12-16 00:06:02.224601+00,,,JAWA MARAJA BAH JAMBI,,,1209,
1209180,2020-12-16 00:06:02.227564+00,2020-12-16 00:06:02.227578+00,,,PEMATANG BANDAR,,,1209,
1209181,2020-12-16 00:06:02.23034+00,2020-12-16 00:06:02.230354+00,,,BANDAR HULUAN,,,1209,
1209190,2020-12-16 00:06:02.232983+00,2020-12-16 00:06:02.232996+00,,,BANDAR,,,1209,
1209191,2020-12-16 00:06:02.23536+00,2020-12-16 00:06:02.235373+00,,,BANDAR MASILAM,,,1209,
1209200,2020-12-16 00:06:02.237657+00,2020-12-16 00:06:02.237673+00,,,BOSAR MALIGAS,,,1209,
1209210,2020-12-16 00:06:02.240399+00,2020-12-16 00:06:02.240416+00,,,UJUNG PADANG,,,1209,
1210030,2020-12-16 00:06:02.242978+00,2020-12-16 00:06:02.242993+00,,,SIDIKALANG,,,1210,
1210031,2020-12-16 00:06:02.245185+00,2020-12-16 00:06:02.245198+00,,,BERAMPU,,,1210,
1210032,2020-12-16 00:06:02.247886+00,2020-12-16 00:06:02.2479+00,,,SITINJO,,,1210,
1210040,2020-12-16 00:06:02.2502+00,2020-12-16 00:06:02.250213+00,,,PARBULUAN,,,1210,
1210050,2020-12-16 00:06:02.252424+00,2020-12-16 00:06:02.252436+00,,,SUMBUL,,,1210,
1210051,2020-12-16 00:06:02.254573+00,2020-12-16 00:06:02.254586+00,,,SILAHI SABUNGAN,,,1210,
1210060,2020-12-16 00:06:02.257113+00,2020-12-16 00:06:02.257127+00,,,SILIMA PUNGGA-PUNGGA,,,1210,
1210061,2020-12-16 00:06:02.259464+00,2020-12-16 00:06:02.259476+00,,,LAE PARIRA,,,1210,
1210070,2020-12-16 00:06:02.261969+00,2020-12-16 00:06:02.261985+00,,,SIEMPAT NEMPU,,,1210,
1210080,2020-12-16 00:06:02.264855+00,2020-12-16 00:06:02.26487+00,,,SIEMPAT NEMPU HULU,,,1210,
1210090,2020-12-16 00:06:02.267729+00,2020-12-16 00:06:02.267744+00,,,SIEMPAT NEMPU HILIR,,,1210,
1210100,2020-12-16 00:06:02.270371+00,2020-12-16 00:06:02.270386+00,,,TIGA LINGGA,,,1210,
1210101,2020-12-16 00:06:02.272978+00,2020-12-16 00:06:02.272993+00,,,GUNUNG SITEMBER,,,1210,
1210110,2020-12-16 00:06:02.275651+00,2020-12-16 00:06:02.275665+00,,,PEGAGAN HILIR,,,1210,
1210120,2020-12-16 00:06:02.278212+00,2020-12-16 00:06:02.278226+00,,,TANAH PINEM,,,1210,
1211010,2020-12-16 00:06:02.280719+00,2020-12-16 00:06:02.280733+00,,,MARDINGDING,,,1211,
1211020,2020-12-16 00:06:02.283336+00,2020-12-16 00:06:02.28335+00,,,LAUBALENG,,,1211,
1211030,2020-12-16 00:06:02.286033+00,2020-12-16 00:06:02.286048+00,,,TIGA BINANGA,,,1211,
1211040,2020-12-16 00:06:02.2887+00,2020-12-16 00:06:02.288716+00,,,JUHAR,,,1211,
1211050,2020-12-16 00:06:02.291597+00,2020-12-16 00:06:02.291612+00,,,MUNTE,,,1211,
1211060,2020-12-16 00:06:02.294365+00,2020-12-16 00:06:02.29438+00,,,KUTA BULUH,,,1211,
1211070,2020-12-16 00:06:02.297157+00,2020-12-16 00:06:02.297172+00,,,PAYUNG,,,1211,
1211071,2020-12-16 00:06:02.299675+00,2020-12-16 00:06:02.299689+00,,,TIGANDERKET,,,1211,
1211080,2020-12-16 00:06:02.303029+00,2020-12-16 00:06:02.303065+00,,,SIMPANG EMPAT,,,1211,
1211081,2020-12-16 00:06:02.307494+00,2020-12-16 00:06:02.307532+00,,,NAMAN TERAN,,,1211,
1211082,2020-12-16 00:06:02.311455+00,2020-12-16 00:06:02.31148+00,,,MERDEKA,,,1211,
1211090,2020-12-16 00:06:02.314533+00,2020-12-16 00:06:02.314555+00,,,KABANJAHE,,,1211,
1211100,2020-12-16 00:06:02.317287+00,2020-12-16 00:06:02.317309+00,,,BERASTAGI,,,1211,
1211110,2020-12-16 00:06:02.32+00,2020-12-16 00:06:02.320022+00,,,TIGAPANAH,,,1211,
1211111,2020-12-16 00:06:02.32328+00,2020-12-16 00:06:02.323302+00,,,DOLAT RAYAT,,,1211,
1211120,2020-12-16 00:06:02.326086+00,2020-12-16 00:06:02.326106+00,,,MEREK,,,1211,
1211130,2020-12-16 00:06:02.328907+00,2020-12-16 00:06:02.328927+00,,,BARUSJAHE,,,1211,
1212010,2020-12-16 00:06:02.332058+00,2020-12-16 00:06:02.33208+00,,,GUNUNG MERIAH,,,1212,
1212020,2020-12-16 00:06:02.335304+00,2020-12-16 00:06:02.335329+00,,,SINEMBAH TANJUNG MUDA HULU,,,1212,
1212030,2020-12-16 00:06:02.33836+00,2020-12-16 00:06:02.338381+00,,,SIBOLANGIT,,,1212,
1212040,2020-12-16 00:06:02.341311+00,2020-12-16 00:06:02.341337+00,,,KUTALIMBARU,,,1212,
1212050,2020-12-16 00:06:02.344857+00,2020-12-16 00:06:02.344883+00,,,PANCUR BATU,,,1212,
1212060,2020-12-16 00:06:02.348328+00,2020-12-16 00:06:02.348351+00,,,NAMO RAMBE,,,1212,
1212070,2020-12-16 00:06:02.351305+00,2020-12-16 00:06:02.351327+00,,,BIRU-BIRU,,,1212,
1212080,2020-12-16 00:06:02.353998+00,2020-12-16 00:06:02.354019+00,,,SINEMBAH TANJUNG MUDA HILIR,,,1212,
1212090,2020-12-16 00:06:02.356801+00,2020-12-16 00:06:02.356823+00,,,BANGUN PURBA,,,1212,
1212190,2020-12-16 00:06:02.359494+00,2020-12-16 00:06:02.359507+00,,,GALANG,,,1212,
1212200,2020-12-16 00:06:02.361744+00,2020-12-16 00:06:02.361757+00,,,TANJUNG MORAWA,,,1212,
1212210,2020-12-16 00:06:02.364548+00,2020-12-16 00:06:02.364561+00,,,PATUMBAK,,,1212,
1212220,2020-12-16 00:06:02.367321+00,2020-12-16 00:06:02.367335+00,,,DELI TUA,,,1212,
1212230,2020-12-16 00:06:02.369716+00,2020-12-16 00:06:02.369729+00,,,SUNGGAL,,,1212,
1212240,2020-12-16 00:06:02.371926+00,2020-12-16 00:06:02.371939+00,,,HAMPARAN PERAK,,,1212,
1212250,2020-12-16 00:06:02.374184+00,2020-12-16 00:06:02.374196+00,,,LABUHAN DELI,,,1212,
1212260,2020-12-16 00:06:02.37647+00,2020-12-16 00:06:02.376483+00,,,PERCUT SEI TUAN,,,1212,
1212270,2020-12-16 00:06:02.378852+00,2020-12-16 00:06:02.378865+00,,,BATANG KUIS,,,1212,
1212280,2020-12-16 00:06:02.381234+00,2020-12-16 00:06:02.381247+00,,,PANTAI LABU,,,1212,
1212290,2020-12-16 00:06:02.383476+00,2020-12-16 00:06:02.383488+00,,,BERINGIN,,,1212,
1212300,2020-12-16 00:06:02.385681+00,2020-12-16 00:06:02.385693+00,,,LUBUK PAKAM,,,1212,
1212310,2020-12-16 00:06:02.387971+00,2020-12-16 00:06:02.387992+00,,,PAGAR MERBAU,,,1212,
1213010,2020-12-16 00:06:02.390151+00,2020-12-16 00:06:02.390164+00,,,BOHOROK,,,1213,
1213011,2020-12-16 00:06:02.392203+00,2020-12-16 00:06:02.392215+00,,,SIRAPIT,,,1213,
1213020,2020-12-16 00:06:02.395423+00,2020-12-16 00:06:02.395437+00,,,SALAPIAN,,,1213,
1213021,2020-12-16 00:06:02.39857+00,2020-12-16 00:06:02.398585+00,,,KUTAMBARU,,,1213,
1213030,2020-12-16 00:06:02.401665+00,2020-12-16 00:06:02.40168+00,,,SEI BINGAI,,,1213,
1213040,2020-12-16 00:06:02.404571+00,2020-12-16 00:06:02.404593+00,,,KUALA,,,1213,
1213050,2020-12-16 00:06:02.407046+00,2020-12-16 00:06:02.407068+00,,,SELESAI,,,1213,
1213060,2020-12-16 00:06:02.409478+00,2020-12-16 00:06:02.409498+00,,,BINJAI,,,1213,
1213070,2020-12-16 00:06:02.41212+00,2020-12-16 00:06:02.412144+00,,,STABAT,,,1213,
1213080,2020-12-16 00:06:02.414751+00,2020-12-16 00:06:02.414765+00,,,WAMPU,,,1213,
1213090,2020-12-16 00:06:02.417217+00,2020-12-16 00:06:02.417231+00,,,BATANG SERANGAN,,,1213,
1213100,2020-12-16 00:06:02.419914+00,2020-12-16 00:06:02.419929+00,,,SAWIT SEBERANG,,,1213,
1213110,2020-12-16 00:06:02.422396+00,2020-12-16 00:06:02.42241+00,,,PADANG TUALANG,,,1213,
1213120,2020-12-16 00:06:02.424755+00,2020-12-16 00:06:02.42477+00,,,HINAI,,,1213,
1213130,2020-12-16 00:06:02.427195+00,2020-12-16 00:06:02.427219+00,,,SECANGGANG,,,1213,
1213140,2020-12-16 00:06:02.429882+00,2020-12-16 00:06:02.429897+00,,,TANJUNG PURA,,,1213,
1213150,2020-12-16 00:06:02.432457+00,2020-12-16 00:06:02.432473+00,,,GEBANG,,,1213,
1213160,2020-12-16 00:06:02.434948+00,2020-12-16 00:06:02.434963+00,,,BABALAN,,,1213,
1213170,2020-12-16 00:06:02.437015+00,2020-12-16 00:06:02.43703+00,,,SEI LEPAN,,,1213,
1213180,2020-12-16 00:06:02.439077+00,2020-12-16 00:06:02.439091+00,,,BRANDAN BARAT,,,1213,
1213190,2020-12-16 00:06:02.441025+00,2020-12-16 00:06:02.44104+00,,,BESITANG,,,1213,
1213200,2020-12-16 00:06:02.44295+00,2020-12-16 00:06:02.442965+00,,,PANGKALAN SUSU,,,1213,
1213201,2020-12-16 00:06:02.445143+00,2020-12-16 00:06:02.44516+00,,,PEMATANG JAYA,,,1213,
1214010,2020-12-16 00:06:02.447306+00,2020-12-16 00:06:02.44732+00,,,HIBALA,,,1214,
1214011,2020-12-16 00:06:02.449914+00,2020-12-16 00:06:02.449928+00,,,TANAH MASA,,,1214,
1214020,2020-12-16 00:06:02.452492+00,2020-12-16 00:06:02.452505+00,,,PULAU-PULAU BATU,,,1214,
1214021,2020-12-16 00:06:02.454681+00,2020-12-16 00:06:02.454693+00,,,PULAU-PULAU BATU TIMUR,,,1214,
1214022,2020-12-16 00:06:02.45676+00,2020-12-16 00:06:02.456773+00,,,SIMUK,,,1214,
1214023,2020-12-16 00:06:02.458834+00,2020-12-16 00:06:02.458847+00,,,PULAU-PULAU BATU BARAT,,,1214,
1214024,2020-12-16 00:06:02.460956+00,2020-12-16 00:06:02.460969+00,,,PULAU-PULAU BATU UTARA,,,1214,
1214030,2020-12-16 00:06:02.463489+00,2020-12-16 00:06:02.463502+00,,,TELUK DALAM,,,1214,
1214031,2020-12-16 00:06:02.465719+00,2020-12-16 00:06:02.465732+00,,,FANAYAMA,,,1214,
1214032,2020-12-16 00:06:02.468195+00,2020-12-16 00:06:02.468208+00,,,TOMA,,,1214,
1214033,2020-12-16 00:06:02.470492+00,2020-12-16 00:06:02.470505+00,,,MANIAMOLO,,,1214,
1214034,2020-12-16 00:06:02.4729+00,2020-12-16 00:06:02.472916+00,,,MAZINO,,,1214,
1214035,2020-12-16 00:06:02.475598+00,2020-12-16 00:06:02.475611+00,,,LUAHAGUNDRE MANIAMOLO,,,1214,
1214036,2020-12-16 00:06:02.478436+00,2020-12-16 00:06:02.47845+00,,,ONOLALU,,,1214,
1214040,2020-12-16 00:06:02.481167+00,2020-12-16 00:06:02.481181+00,,,AMANDRAYA,,,1214,
1214041,2020-12-16 00:06:02.483648+00,2020-12-16 00:06:02.483661+00,,,ARAMO,,,1214,
1214042,2020-12-16 00:06:02.485968+00,2020-12-16 00:06:02.48598+00,,,ULUSUSUA,,,1214,
1214050,2020-12-16 00:06:02.488326+00,2020-12-16 00:06:02.488339+00,,,LAHUSA,,,1214,
1214051,2020-12-16 00:06:02.49057+00,2020-12-16 00:06:02.490582+00,,,SIDUAORI,,,1214,
1214052,2020-12-16 00:06:02.493148+00,2020-12-16 00:06:02.493191+00,,,SOMAMBAWA,,,1214,
1214060,2020-12-16 00:06:02.497604+00,2020-12-16 00:06:02.497648+00,,,GOMO,,,1214,
1214061,2020-12-16 00:06:02.502046+00,2020-12-16 00:06:02.50209+00,,,SUSUA,,,1214,
1214062,2020-12-16 00:06:02.506317+00,2020-12-16 00:06:02.506333+00,,,MAZO,,,1214,
1214063,2020-12-16 00:06:02.509044+00,2020-12-16 00:06:02.509057+00,,,UMBUNASI,,,1214,
1214064,2020-12-16 00:06:02.511905+00,2020-12-16 00:06:02.51192+00,,,IDANOTAE,,,1214,
1214065,2020-12-16 00:06:02.514923+00,2020-12-16 00:06:02.514937+00,,,ULUIDANOTAE,,,1214,
1214066,2020-12-16 00:06:02.517743+00,2020-12-16 00:06:02.517756+00,,,BORONADU,,,1214,
1214070,2020-12-16 00:06:02.520604+00,2020-12-16 00:06:02.520619+00,,,LOLOMATUA,,,1214,
1214071,2020-12-16 00:06:02.523534+00,2020-12-16 00:06:02.523549+00,,,ULUNOYO,,,1214,
1214072,2020-12-16 00:06:02.526311+00,2020-12-16 00:06:02.526326+00,,,HURUNA,,,1214,
1214080,2020-12-16 00:06:02.529437+00,2020-12-16 00:06:02.529462+00,,,LOLOWA'U,,,1214,
1214081,2020-12-16 00:06:02.532644+00,2020-12-16 00:06:02.532665+00,,,HILIMEGAI,,,1214,
1214082,2020-12-16 00:06:02.535784+00,2020-12-16 00:06:02.535806+00,,,OOU,,,1214,
1214083,2020-12-16 00:06:02.539171+00,2020-12-16 00:06:02.539195+00,,,ONOHAZUMBA,,,1214,
1214084,2020-12-16 00:06:02.542378+00,2020-12-16 00:06:02.542403+00,,,HILISALAWAAHE,,,1214,
1215010,2020-12-16 00:06:02.545494+00,2020-12-16 00:06:02.545518+00,,,PAKKAT,,,1215,
1215020,2020-12-16 00:06:02.5485+00,2020-12-16 00:06:02.548524+00,,,ONAN GANJANG,,,1215,
1215030,2020-12-16 00:06:02.552109+00,2020-12-16 00:06:02.552141+00,,,SIJAMA POLANG,,,1215,
1215040,2020-12-16 00:06:02.555417+00,2020-12-16 00:06:02.555447+00,,,DOLOK SANGGUL,,,1215,
1215050,2020-12-16 00:06:02.558563+00,2020-12-16 00:06:02.558576+00,,,LINTONG NIHUTA,,,1215,
1215060,2020-12-16 00:06:02.561037+00,2020-12-16 00:06:02.561051+00,,,PARANGINAN,,,1215,
1215070,2020-12-16 00:06:02.563646+00,2020-12-16 00:06:02.56366+00,,,BAKTI RAJA,,,1215,
1215080,2020-12-16 00:06:02.566634+00,2020-12-16 00:06:02.566647+00,,,POLLUNG,,,1215,
1215090,2020-12-16 00:06:02.569413+00,2020-12-16 00:06:02.569427+00,,,PARLILITAN,,,1215,
1215100,2020-12-16 00:06:02.572107+00,2020-12-16 00:06:02.57212+00,,,TARA BINTANG,,,1215,
1216010,2020-12-16 00:06:02.574727+00,2020-12-16 00:06:02.57474+00,,,SALAK,,,1216,
1216011,2020-12-16 00:06:02.577359+00,2020-12-16 00:06:02.577372+00,,,SITELLU TALI URANG JEHE,,,1216,
1216012,2020-12-16 00:06:02.580013+00,2020-12-16 00:06:02.580027+00,,,PAGINDAR,,,1216,
1216013,2020-12-16 00:06:02.582717+00,2020-12-16 00:06:02.582731+00,,,SITELLU TALI URANG JULU,,,1216,
1216014,2020-12-16 00:06:02.585631+00,2020-12-16 00:06:02.585645+00,,,PERGETTENG-GETTENG SENGKUT,,,1216,
1216020,2020-12-16 00:06:02.588108+00,2020-12-16 00:06:02.588122+00,,,KERAJAAN,,,1216,
1216021,2020-12-16 00:06:02.590426+00,2020-12-16 00:06:02.590438+00,,,TINADA,,,1216,
1216022,2020-12-16 00:06:02.59285+00,2020-12-16 00:06:02.592863+00,,,SIEMPAT RUBE,,,1216,
1217010,2020-12-16 00:06:02.595223+00,2020-12-16 00:06:02.595238+00,,,SIANJUR MULA MULA,,,1217,
1217020,2020-12-16 00:06:02.597723+00,2020-12-16 00:06:02.597737+00,,,HARIAN,,,1217,
1217030,2020-12-16 00:06:02.600144+00,2020-12-16 00:06:02.600157+00,,,SITIO-TIO,,,1217,
1217040,2020-12-16 00:06:02.602912+00,2020-12-16 00:06:02.602925+00,,,ONAN RUNGGU,,,1217,
1217050,2020-12-16 00:06:02.605481+00,2020-12-16 00:06:02.605494+00,,,NAINGGOLAN,,,1217,
1217060,2020-12-16 00:06:02.607779+00,2020-12-16 00:06:02.607791+00,,,PALIPI,,,1217,
1217070,2020-12-16 00:06:02.609973+00,2020-12-16 00:06:02.609986+00,,,RONGGUR NIHUTA,,,1217,
1217080,2020-12-16 00:06:02.612424+00,2020-12-16 00:06:02.612437+00,,,PANGURURAN,,,1217,
1217090,2020-12-16 00:06:02.615076+00,2020-12-16 00:06:02.615089+00,,,SIMANINDO,,,1217,
1218010,2020-12-16 00:06:02.617735+00,2020-12-16 00:06:02.61775+00,,,KOTARIH,,,1218,
1218011,2020-12-16 00:06:02.620469+00,2020-12-16 00:06:02.620482+00,,,SILINDA,,,1218,
1218012,2020-12-16 00:06:02.623081+00,2020-12-16 00:06:02.623094+00,,,BINTANG BAYU,,,1218,
1218020,2020-12-16 00:06:02.625507+00,2020-12-16 00:06:02.62552+00,,,DOLOK MASIHUL,,,1218,
1218021,2020-12-16 00:06:02.627821+00,2020-12-16 00:06:02.627833+00,,,SERBAJADI,,,1218,
1218030,2020-12-16 00:06:02.630034+00,2020-12-16 00:06:02.630047+00,,,SIPISPIS,,,1218,
1218040,2020-12-16 00:06:02.63212+00,2020-12-16 00:06:02.632132+00,,,DOLOK MERAWAN,,,1218,
1218050,2020-12-16 00:06:02.634483+00,2020-12-16 00:06:02.634501+00,,,TEBINGTINGGI,,,1218,
1218051,2020-12-16 00:06:02.637046+00,2020-12-16 00:06:02.637097+00,,,TEBING SYAHBANDAR,,,1218,
1218060,2020-12-16 00:06:02.64206+00,2020-12-16 00:06:02.642108+00,,,BANDAR KHALIPAH,,,1218,
1218070,2020-12-16 00:06:02.645194+00,2020-12-16 00:06:02.645208+00,,,TANJUNG BERINGIN,,,1218,
1218080,2020-12-16 00:06:02.648041+00,2020-12-16 00:06:02.648056+00,,,SEI RAMPAH,,,1218,
1218081,2020-12-16 00:06:02.650538+00,2020-12-16 00:06:02.650555+00,,,SEI BAMBAN,,,1218,
1218090,2020-12-16 00:06:02.65334+00,2020-12-16 00:06:02.653365+00,,,TELUK MENGKUDU,,,1218,
1218100,2020-12-16 00:06:02.664576+00,2020-12-16 00:06:02.664606+00,,,PERBAUNGAN,,,1218,
1218101,2020-12-16 00:06:02.66852+00,2020-12-16 00:06:02.668552+00,,,PEGAJAHAN,,,1218,
1218110,2020-12-16 00:06:02.672255+00,2020-12-16 00:06:02.672269+00,,,PANTAI CERMIN,,,1218,
1219010,2020-12-16 00:06:02.683334+00,2020-12-16 00:06:02.683358+00,,,SEI BALAI,,,1219,
1219020,2020-12-16 00:06:02.694604+00,2020-12-16 00:06:02.694636+00,,,TANJUNG TIRAM,,,1219,
1219030,2020-12-16 00:06:02.698955+00,2020-12-16 00:06:02.698988+00,,,TALAWI,,,1219,
1219040,2020-12-16 00:06:02.703423+00,2020-12-16 00:06:02.703458+00,,,LIMAPULUH,,,1219,
1219050,2020-12-16 00:06:02.714316+00,2020-12-16 00:06:02.714344+00,,,AIR PUTIH,,,1219,
1219060,2020-12-16 00:06:02.717954+00,2020-12-16 00:06:02.717984+00,,,SEI SUKA,,,1219,
1219070,2020-12-16 00:06:02.721357+00,2020-12-16 00:06:02.721381+00,,,MEDANG DERAS,,,1219,
1220010,2020-12-16 00:06:02.732885+00,2020-12-16 00:06:02.73292+00,,,BATANG ONANG,,,1220,
1220020,2020-12-16 00:06:02.744689+00,2020-12-16 00:06:02.744725+00,,,PADANG BOLAK JULU,,,1220,
1220030,2020-12-16 00:06:02.75612+00,2020-12-16 00:06:02.756163+00,,,PORTIBI,,,1220,
1220040,2020-12-16 00:06:02.761123+00,2020-12-16 00:06:02.761166+00,,,PADANG BOLAK,,,1220,
1220050,2020-12-16 00:06:02.774191+00,2020-12-16 00:06:02.77424+00,,,SIMANGAMBAT,,,1220,
1220060,2020-12-16 00:06:02.778153+00,2020-12-16 00:06:02.778178+00,,,HALONGONAN,,,1220,
1220070,2020-12-16 00:06:02.78138+00,2020-12-16 00:06:02.781405+00,,,DOLOK,,,1220,
1220080,2020-12-16 00:06:02.792815+00,2020-12-16 00:06:02.792848+00,,,DOLOK SIGOMPULON,,,1220,
1220090,2020-12-16 00:06:02.804269+00,2020-12-16 00:06:02.804305+00,,,HULU SIHAPAS,,,1220,
1221010,2020-12-16 00:06:02.80875+00,2020-12-16 00:06:02.808784+00,,,SOSOPAN,,,1221,
1221020,2020-12-16 00:06:02.812843+00,2020-12-16 00:06:02.812877+00,,,ULU BARUMUN,,,1221,
1221030,2020-12-16 00:06:02.823713+00,2020-12-16 00:06:02.823741+00,,,BARUMUN,,,1221,
1221031,2020-12-16 00:06:02.834169+00,2020-12-16 00:06:02.834204+00,,,BARUMUN SELATAN,,,1221,
1221040,2020-12-16 00:06:02.846466+00,2020-12-16 00:06:02.846508+00,,,LUBUK BARUMUN,,,1221,
1221050,2020-12-16 00:06:02.851676+00,2020-12-16 00:06:02.851723+00,,,SOSA,,,1221,
1221060,2020-12-16 00:06:02.864035+00,2020-12-16 00:06:02.86407+00,,,BATANG LUBU SUTAM,,,1221,
1221070,2020-12-16 00:06:02.876127+00,2020-12-16 00:06:02.876165+00,,,HUTA RAJA TINGGI,,,1221,
1221080,2020-12-16 00:06:02.881005+00,2020-12-16 00:06:02.881048+00,,,HURISTAK,,,1221,
1221090,2020-12-16 00:06:02.894334+00,2020-12-16 00:06:02.894358+00,,,BARUMUN TENGAH,,,1221,
1221091,2020-12-16 00:06:02.898085+00,2020-12-16 00:06:02.898111+00,,,AEK NABARA BARUMUN,,,1221,
1221092,2020-12-16 00:06:02.901765+00,2020-12-16 00:06:02.901792+00,,,SIHAPAS BARUMUN,,,1221,
1222010,2020-12-16 00:06:02.912693+00,2020-12-16 00:06:02.912723+00,,,SUNGAI KANAN,,,1222,
1222020,2020-12-16 00:06:02.924526+00,2020-12-16 00:06:02.924564+00,,,TORGAMBA,,,1222,
1222030,2020-12-16 00:06:02.936512+00,2020-12-16 00:06:02.936551+00,,,KOTA PINANG,,,1222,
1222040,2020-12-16 00:06:02.94146+00,2020-12-16 00:06:02.941501+00,,,SILANGKITANG,,,1222,
1222050,2020-12-16 00:06:02.955104+00,2020-12-16 00:06:02.955137+00,,,KAMPUNG RAKYAT,,,1222,
1223010,2020-12-16 00:06:02.966433+00,2020-12-16 00:06:02.966472+00,,,NA IX-X,,,1223,
1223020,2020-12-16 00:06:02.971125+00,2020-12-16 00:06:02.971164+00,,,MARBAU,,,1223,
1223030,2020-12-16 00:06:02.983949+00,2020-12-16 00:06:02.983978+00,,,AEK KUO,,,1223,
1223040,2020-12-16 00:06:02.99548+00,2020-12-16 00:06:02.99552+00,,,AEK NATAS,,,1223,
1223050,2020-12-16 00:06:03.00009+00,2020-12-16 00:06:03.000115+00,,,KUALUH SELATAN,,,1223,
1223060,2020-12-16 00:06:03.003949+00,2020-12-16 00:06:03.003975+00,,,KUALUH HILIR,,,1223,
1223070,2020-12-16 00:06:03.007673+00,2020-12-16 00:06:03.0077+00,,,KUALUH HULU,,,1223,
1223080,2020-12-16 00:06:03.011082+00,2020-12-16 00:06:03.011106+00,,,KUALUH LEIDONG,,,1223,
1224010,2020-12-16 00:06:03.024962+00,2020-12-16 00:06:03.024995+00,,,TUGALA OYO,,,1224,
1224020,2020-12-16 00:06:03.029185+00,2020-12-16 00:06:03.029217+00,,,ALASA,,,1224,
1224030,2020-12-16 00:06:03.033278+00,2020-12-16 00:06:03.033311+00,,,ALASA TALU MUZOI,,,1224,
1224040,2020-12-16 00:06:03.043658+00,2020-12-16 00:06:03.043672+00,,,NAMOHALU ESIWA,,,1224,
1224050,2020-12-16 00:06:03.053833+00,2020-12-16 00:06:03.053858+00,,,SITOLU ORI,,,1224,
1224060,2020-12-16 00:06:03.057493+00,2020-12-16 00:06:03.057517+00,,,TUHEMBERUA,,,1224,
1224070,2020-12-16 00:06:03.061343+00,2020-12-16 00:06:03.061367+00,,,SAWO,,,1224,
1224080,2020-12-16 00:06:03.072845+00,2020-12-16 00:06:03.072884+00,,,LOTU,,,1224,
1224090,2020-12-16 00:06:03.084493+00,2020-12-16 00:06:03.084531+00,,,LAHEWA TIMUR,,,1224,
1224100,2020-12-16 00:06:03.09691+00,2020-12-16 00:06:03.096949+00,,,AFULU,,,1224,
1224110,2020-12-16 00:06:03.101891+00,2020-12-16 00:06:03.101934+00,,,LAHEWA,,,1224,
1225010,2020-12-16 00:06:03.106509+00,2020-12-16 00:06:03.106525+00,,,SIROMBU,,,1225,
1225020,2020-12-16 00:06:03.109053+00,2020-12-16 00:06:03.109066+00,,,LAHOMI,,,1225,
1225030,2020-12-16 00:06:03.111394+00,2020-12-16 00:06:03.111407+00,,,ULU MORO O,,,1225,
1225040,2020-12-16 00:06:03.114572+00,2020-12-16 00:06:03.114587+00,,,LOLOFITU MOI,,,1225,
1225050,2020-12-16 00:06:03.117727+00,2020-12-16 00:06:03.117751+00,,,MANDREHE UTARA,,,1225,
1225060,2020-12-16 00:06:03.120623+00,2020-12-16 00:06:03.120645+00,,,MANDREHE,,,1225,
1225070,2020-12-16 00:06:03.123462+00,2020-12-16 00:06:03.123484+00,,,MANDREHE BARAT,,,1225,
1225080,2020-12-16 00:06:03.12627+00,2020-12-16 00:06:03.126293+00,,,MORO O,,,1225,
1271010,2020-12-16 00:06:03.129734+00,2020-12-16 00:06:03.12976+00,,,SIBOLGA UTARA,,,1271,
1271020,2020-12-16 00:06:03.133261+00,2020-12-16 00:06:03.133288+00,,,SIBOLGA KOTA,,,1271,
1271030,2020-12-16 00:06:03.136937+00,2020-12-16 00:06:03.136962+00,,,SIBOLGA SELATAN,,,1271,
1271031,2020-12-16 00:06:03.140466+00,2020-12-16 00:06:03.140493+00,,,SIBOLGA SAMBAS,,,1271,
1272010,2020-12-16 00:06:03.143883+00,2020-12-16 00:06:03.143911+00,,,DATUK BANDAR,,,1272,
1272011,2020-12-16 00:06:03.147095+00,2020-12-16 00:06:03.147121+00,,,DATUK BANDAR TIMUR,,,1272,
1272020,2020-12-16 00:06:03.150108+00,2020-12-16 00:06:03.150122+00,,,TANJUNG BALAI SELATAN,,,1272,
1272030,2020-12-16 00:06:03.152761+00,2020-12-16 00:06:03.152776+00,,,TANJUNG BALAI UTARA,,,1272,
1272040,2020-12-16 00:06:03.155673+00,2020-12-16 00:06:03.155687+00,,,SEI TUALANG RASO,,,1272,
1272050,2020-12-16 00:06:03.158496+00,2020-12-16 00:06:03.15851+00,,,TELUK NIBUNG,,,1272,
1273010,2020-12-16 00:06:03.161508+00,2020-12-16 00:06:03.161532+00,,,SIANTAR MARIHAT,,,1273,
1273011,2020-12-16 00:06:03.164863+00,2020-12-16 00:06:03.164886+00,,,SIANTAR MARIMBUN,,,1273,
1273020,2020-12-16 00:06:03.167539+00,2020-12-16 00:06:03.167562+00,,,SIANTAR SELATAN,,,1273,
1273030,2020-12-16 00:06:03.170169+00,2020-12-16 00:06:03.170191+00,,,SIANTAR BARAT,,,1273,
1273040,2020-12-16 00:06:03.172933+00,2020-12-16 00:06:03.172959+00,,,SIANTAR UTARA,,,1273,
1273050,2020-12-16 00:06:03.175933+00,2020-12-16 00:06:03.175961+00,,,SIANTAR TIMUR,,,1273,
1273060,2020-12-16 00:06:03.179218+00,2020-12-16 00:06:03.179253+00,,,SIANTAR MARTOBA,,,1273,
1273061,2020-12-16 00:06:03.182138+00,2020-12-16 00:06:03.182152+00,,,SIANTAR SITALASARI,,,1273,
1274010,2020-12-16 00:06:03.184619+00,2020-12-16 00:06:03.184632+00,,,PADANG HULU,,,1274,
1274011,2020-12-16 00:06:03.187425+00,2020-12-16 00:06:03.187438+00,,,TEBING TINGGI KOTA,,,1274,
1274020,2020-12-16 00:06:03.190995+00,2020-12-16 00:06:03.19101+00,,,RAMBUTAN,,,1274,
1274021,2020-12-16 00:06:03.1937+00,2020-12-16 00:06:03.193713+00,,,BAJENIS,,,1274,
1274030,2020-12-16 00:06:03.196318+00,2020-12-16 00:06:03.196332+00,,,PADANG HILIR,,,1274,
1275010,2020-12-16 00:06:03.19877+00,2020-12-16 00:06:03.198784+00,,,MEDAN TUNTUNGAN,,,1275,
1275020,2020-12-16 00:06:03.201008+00,2020-12-16 00:06:03.201021+00,,,MEDAN JOHOR,,,1275,
1275030,2020-12-16 00:06:03.203535+00,2020-12-16 00:06:03.203549+00,,,MEDAN AMPLAS,,,1275,
1275040,2020-12-16 00:06:03.205999+00,2020-12-16 00:06:03.206012+00,,,MEDAN DENAI,,,1275,
1275050,2020-12-16 00:06:03.208248+00,2020-12-16 00:06:03.20826+00,,,MEDAN AREA,,,1275,
1275060,2020-12-16 00:06:03.210461+00,2020-12-16 00:06:03.210473+00,,,MEDAN KOTA,,,1275,
1275070,2020-12-16 00:06:03.212655+00,2020-12-16 00:06:03.212668+00,,,MEDAN MAIMUN,,,1275,
1275080,2020-12-16 00:06:03.215258+00,2020-12-16 00:06:03.215272+00,,,MEDAN POLONIA,,,1275,
1275090,2020-12-16 00:06:03.217724+00,2020-12-16 00:06:03.217738+00,,,MEDAN BARU,,,1275,
1275100,2020-12-16 00:06:03.220057+00,2020-12-16 00:06:03.22007+00,,,MEDAN SELAYANG,,,1275,
1275110,2020-12-16 00:06:03.222273+00,2020-12-16 00:06:03.222285+00,,,MEDAN SUNGGAL,,,1275,
1275120,2020-12-16 00:06:03.224614+00,2020-12-16 00:06:03.224627+00,,,MEDAN HELVETIA,,,1275,
1275130,2020-12-16 00:06:03.231153+00,2020-12-16 00:06:03.231173+00,,,MEDAN PETISAH,,,1275,
1275140,2020-12-16 00:06:03.234857+00,2020-12-16 00:06:03.234876+00,,,MEDAN BARAT,,,1275,
1275150,2020-12-16 00:06:03.237661+00,2020-12-16 00:06:03.23768+00,,,MEDAN TIMUR,,,1275,
1275160,2020-12-16 00:06:03.24114+00,2020-12-16 00:06:03.241166+00,,,MEDAN PERJUANGAN,,,1275,
1275170,2020-12-16 00:06:03.244623+00,2020-12-16 00:06:03.244647+00,,,MEDAN TEMBUNG,,,1275,
1275180,2020-12-16 00:06:03.24797+00,2020-12-16 00:06:03.247997+00,,,MEDAN DELI,,,1275,
1275190,2020-12-16 00:06:03.251257+00,2020-12-16 00:06:03.25128+00,,,MEDAN LABUHAN,,,1275,
1275200,2020-12-16 00:06:03.254301+00,2020-12-16 00:06:03.254324+00,,,MEDAN MARELAN,,,1275,
1275210,2020-12-16 00:06:03.257367+00,2020-12-16 00:06:03.257389+00,,,MEDAN BELAWAN,,,1275,
1276010,2020-12-16 00:06:03.260187+00,2020-12-16 00:06:03.260206+00,,,BINJAI SELATAN,,,1276,
1276020,2020-12-16 00:06:03.263075+00,2020-12-16 00:06:03.263098+00,,,BINJAI KOTA,,,1276,
1276030,2020-12-16 00:06:03.266366+00,2020-12-16 00:06:03.266389+00,,,BINJAI TIMUR,,,1276,
1276040,2020-12-16 00:06:03.269626+00,2020-12-16 00:06:03.26965+00,,,BINJAI UTARA,,,1276,
1276050,2020-12-16 00:06:03.272905+00,2020-12-16 00:06:03.272929+00,,,BINJAI BARAT,,,1276,
1277010,2020-12-16 00:06:03.27621+00,2020-12-16 00:06:03.276233+00,,,PADANGSIDIMPUAN TENGGARA,,,1277,
1277020,2020-12-16 00:06:03.279906+00,2020-12-16 00:06:03.279949+00,,,PADANGSIDIMPUAN SELATAN,,,1277,
1277030,2020-12-16 00:06:03.283665+00,2020-12-16 00:06:03.283692+00,,,PADANGSIDIMPUAN BATUNADUA,,,1277,
1277040,2020-12-16 00:06:03.287022+00,2020-12-16 00:06:03.287037+00,,,PADANGSIDIMPUAN UTARA,,,1277,
1277050,2020-12-16 00:06:03.290041+00,2020-12-16 00:06:03.290057+00,,,PADANGSIDIMPUAN HUTAIMBARU,,,1277,
1277051,2020-12-16 00:06:03.292869+00,2020-12-16 00:06:03.292884+00,,,PADANGSIDIMPUAN ANGKOLA JULU,,,1277,
1278010,2020-12-16 00:06:03.295728+00,2020-12-16 00:06:03.295743+00,,,GUNUNGSITOLI IDANOI,,,1278,
1278020,2020-12-16 00:06:03.298498+00,2020-12-16 00:06:03.298513+00,,,GUNUNGSITOLI SELATAN,,,1278,
1278030,2020-12-16 00:06:03.301467+00,2020-12-16 00:06:03.301482+00,,,GUNUNGSITOLI BARAT,,,1278,
1278040,2020-12-16 00:06:03.304148+00,2020-12-16 00:06:03.304163+00,,,GUNUNG SITOLI,,,1278,
1278050,2020-12-16 00:06:03.306556+00,2020-12-16 00:06:03.306571+00,,,GUNUNGSITOLI ALO OA,,,1278,
1278060,2020-12-16 00:06:03.308996+00,2020-12-16 00:06:03.309011+00,,,GUNUNGSITOLI UTARA,,,1278,
1301011,2020-12-16 00:06:03.311393+00,2020-12-16 00:06:03.311408+00,,,PAGAI SELATAN,,,1301,
1301012,2020-12-16 00:06:03.313885+00,2020-12-16 00:06:03.3139+00,,,SIKAKAP,,,1301,
1301013,2020-12-16 00:06:03.316268+00,2020-12-16 00:06:03.316283+00,,,PAGAI UTARA,,,1301,
1301021,2020-12-16 00:06:03.318452+00,2020-12-16 00:06:03.318466+00,,,SIPORA SELATAN,,,1301,
1301022,2020-12-16 00:06:03.321105+00,2020-12-16 00:06:03.32112+00,,,SIPORA UTARA,,,1301,
1301030,2020-12-16 00:06:03.323996+00,2020-12-16 00:06:03.324012+00,,,SIBERUT SELATAN,,,1301,
1301031,2020-12-16 00:06:03.32672+00,2020-12-16 00:06:03.326735+00,,,SEBERUT BARAT DAYA,,,1301,
1301032,2020-12-16 00:06:03.329508+00,2020-12-16 00:06:03.329523+00,,,SIBERUT TENGAH,,,1301,
1301040,2020-12-16 00:06:03.332526+00,2020-12-16 00:06:03.332541+00,,,SIBERUT UTARA,,,1301,
1301041,2020-12-16 00:06:03.335163+00,2020-12-16 00:06:03.335178+00,,,SIBERUT BARAT,,,1301,
1302011,2020-12-16 00:06:03.337725+00,2020-12-16 00:06:03.33774+00,,,SILAUT,,,1302,
1302012,2020-12-16 00:06:03.340139+00,2020-12-16 00:06:03.340153+00,,,LUNANG,,,1302,
1302020,2020-12-16 00:06:03.342509+00,2020-12-16 00:06:03.342522+00,,,BASA AMPEK BALAI TAPAN,,,1302,
1302021,2020-12-16 00:06:03.344943+00,2020-12-16 00:06:03.344957+00,,,RANAH AMPEK HULU TAPAN,,,1302,
1302030,2020-12-16 00:06:03.347576+00,2020-12-16 00:06:03.347592+00,,,PANCUNG SOAL,,,1302,
1302031,2020-12-16 00:06:03.35025+00,2020-12-16 00:06:03.350266+00,,,AIRPURA,,,1302,
1302040,2020-12-16 00:06:03.352601+00,2020-12-16 00:06:03.352615+00,,,LINGGO SARI BAGANTI,,,1302,
1302050,2020-12-16 00:06:03.354831+00,2020-12-16 00:06:03.354846+00,,,RANAH PESISIR,,,1302,
1302060,2020-12-16 00:06:03.356776+00,2020-12-16 00:06:03.356791+00,,,LENGAYANG,,,1302,
1302070,2020-12-16 00:06:03.361966+00,2020-12-16 00:06:03.361981+00,,,SUTERA,,,1302,
1302080,2020-12-16 00:06:03.367613+00,2020-12-16 00:06:03.367628+00,,,BATANG KAPAS,,,1302,
1302090,2020-12-16 00:06:03.370371+00,2020-12-16 00:06:03.370386+00,,,IV JURAI,,,1302,
1302100,2020-12-16 00:06:03.372872+00,2020-12-16 00:06:03.372886+00,,,BAYANG,,,1302,
1302101,2020-12-16 00:06:03.375542+00,2020-12-16 00:06:03.375559+00,,,IV  NAGARI BAYANG UTARA,,,1302,
1302110,2020-12-16 00:06:03.378434+00,2020-12-16 00:06:03.378449+00,,,KOTO XI TARUSAN,,,1302,
1303040,2020-12-16 00:06:03.38126+00,2020-12-16 00:06:03.381275+00,,,PANTAI CERMIN,,,1303,
1303050,2020-12-16 00:06:03.384694+00,2020-12-16 00:06:03.384734+00,,,LEMBAH GUMANTI,,,1303,
1311031,2020-12-16 00:06:03.624132+00,2020-12-16 00:06:03.624147+00,,,TIMPEH,,,1311,
1303051,2020-12-16 00:06:03.3885+00,2020-12-16 00:06:03.388528+00,,,HILIRAN GUMANTI,,,1303,
1303060,2020-12-16 00:06:03.391976+00,2020-12-16 00:06:03.392004+00,,,PAYUNG SEKAKI,,,1303,
1303061,2020-12-16 00:06:03.394944+00,2020-12-16 00:06:03.394971+00,,,TIGO LURAH,,,1303,
1303070,2020-12-16 00:06:03.397852+00,2020-12-16 00:06:03.397866+00,,,LEMBANG JAYA,,,1303,
1303071,2020-12-16 00:06:03.400092+00,2020-12-16 00:06:03.400104+00,,,DANAU KEMBAR,,,1303,
1303080,2020-12-16 00:06:03.402269+00,2020-12-16 00:06:03.40228+00,,,GUNUNG TALANG,,,1303,
1303090,2020-12-16 00:06:03.404392+00,2020-12-16 00:06:03.404405+00,,,BUKIT SUNDI,,,1303,
1303100,2020-12-16 00:06:03.406531+00,2020-12-16 00:06:03.406543+00,,,IX KOTO SUNGAI LASI,,,1303,
1303110,2020-12-16 00:06:03.408387+00,2020-12-16 00:06:03.4084+00,,,KUBUNG,,,1303,
1303120,2020-12-16 00:06:03.410081+00,2020-12-16 00:06:03.410093+00,,,X KOTO DIATAS,,,1303,
1303130,2020-12-16 00:06:03.411854+00,2020-12-16 00:06:03.411866+00,,,X KOTO SINGKARAK,,,1303,
1303140,2020-12-16 00:06:03.413619+00,2020-12-16 00:06:03.413631+00,,,JUNJUNG SIRIH,,,1303,
1304050,2020-12-16 00:06:03.415809+00,2020-12-16 00:06:03.415822+00,,,KAMANG BARU,,,1304,
1304060,2020-12-16 00:06:03.417607+00,2020-12-16 00:06:03.417619+00,,,TANJUNG GADANG,,,1304,
1304070,2020-12-16 00:06:03.419305+00,2020-12-16 00:06:03.419317+00,,,SIJUNJUNG,,,1304,
1304071,2020-12-16 00:06:03.420947+00,2020-12-16 00:06:03.420959+00,,,LUBUK TAROK,,,1304,
1304080,2020-12-16 00:06:03.422659+00,2020-12-16 00:06:03.42267+00,,,IV NAGARI,,,1304,
1304090,2020-12-16 00:06:03.424427+00,2020-12-16 00:06:03.42444+00,,,KUPITAN,,,1304,
1304100,2020-12-16 00:06:03.426116+00,2020-12-16 00:06:03.426128+00,,,KOTO TUJUH,,,1304,
1304110,2020-12-16 00:06:03.427809+00,2020-12-16 00:06:03.427821+00,,,SUMPUR KUDUS,,,1304,
1305010,2020-12-16 00:06:03.429637+00,2020-12-16 00:06:03.429649+00,,,SEPULUH KOTO,,,1305,
1305020,2020-12-16 00:06:03.431492+00,2020-12-16 00:06:03.431504+00,,,BATIPUH,,,1305,
1305021,2020-12-16 00:06:03.433579+00,2020-12-16 00:06:03.43359+00,,,BATIPUH SELATAN,,,1305,
1305030,2020-12-16 00:06:03.435561+00,2020-12-16 00:06:03.435572+00,,,PARIANGAN,,,1305,
1305040,2020-12-16 00:06:03.437491+00,2020-12-16 00:06:03.437502+00,,,RAMBATAN,,,1305,
1305050,2020-12-16 00:06:03.439299+00,2020-12-16 00:06:03.43931+00,,,LIMA KAUM,,,1305,
1305060,2020-12-16 00:06:03.441003+00,2020-12-16 00:06:03.441015+00,,,TANJUNG EMAS,,,1305,
1305070,2020-12-16 00:06:03.442678+00,2020-12-16 00:06:03.442689+00,,,PADANG GANTING,,,1305,
1305080,2020-12-16 00:06:03.444364+00,2020-12-16 00:06:03.444375+00,,,LINTAU BUO,,,1305,
1305081,2020-12-16 00:06:03.446007+00,2020-12-16 00:06:03.446018+00,,,LINTAU BUO UTARA,,,1305,
1305090,2020-12-16 00:06:03.447686+00,2020-12-16 00:06:03.447697+00,,,SUNGAYANG,,,1305,
1305100,2020-12-16 00:06:03.449923+00,2020-12-16 00:06:03.449937+00,,,SUNGAI TARAB,,,1305,
1305110,2020-12-16 00:06:03.451822+00,2020-12-16 00:06:03.451834+00,,,SALIMPAUNG,,,1305,
1305111,2020-12-16 00:06:03.453645+00,2020-12-16 00:06:03.453656+00,,,TANJUNG BARU,,,1305,
1306010,2020-12-16 00:06:03.455718+00,2020-12-16 00:06:03.455731+00,,,BATANG ANAI,,,1306,
1306020,2020-12-16 00:06:03.457553+00,2020-12-16 00:06:03.457565+00,,,LUBUK ALUNG,,,1306,
1306021,2020-12-16 00:06:03.459154+00,2020-12-16 00:06:03.459166+00,,,SINTUK TOBOH GADANG,,,1306,
1306030,2020-12-16 00:06:03.461139+00,2020-12-16 00:06:03.461151+00,,,ULAKAN TAPAKIS,,,1306,
1306040,2020-12-16 00:06:03.463097+00,2020-12-16 00:06:03.463117+00,,,NAN SABARIS,,,1306,
1306050,2020-12-16 00:06:03.465162+00,2020-12-16 00:06:03.465175+00,,,2 X 11 ENAM LINGKUNG,,,1306,
1306051,2020-12-16 00:06:03.46712+00,2020-12-16 00:06:03.467133+00,,,ENAM LINGKUNG,,,1306,
1306052,2020-12-16 00:06:03.469589+00,2020-12-16 00:06:03.469602+00,,,2 X 11 KAYU TANAM,,,1306,
1306060,2020-12-16 00:06:03.471276+00,2020-12-16 00:06:03.471288+00,,,VII KOTO SUNGAI SARIAK,,,1306,
1306061,2020-12-16 00:06:03.474125+00,2020-12-16 00:06:03.474161+00,,,PATAMUAN,,,1306,
1306062,2020-12-16 00:06:03.477243+00,2020-12-16 00:06:03.477276+00,,,PADANG SAGO,,,1306,
1306070,2020-12-16 00:06:03.480329+00,2020-12-16 00:06:03.480362+00,,,V KOTO KP DALAM,,,1306,
1306071,2020-12-16 00:06:03.483544+00,2020-12-16 00:06:03.483577+00,,,V KOTO TIMUR,,,1306,
1306080,2020-12-16 00:06:03.48629+00,2020-12-16 00:06:03.486318+00,,,SUNGAI LIMAU,,,1306,
1306081,2020-12-16 00:06:03.489377+00,2020-12-16 00:06:03.489394+00,,,BATANG GASAN,,,1306,
1306090,2020-12-16 00:06:03.49208+00,2020-12-16 00:06:03.492095+00,,,SUNGAI GERINGGING,,,1306,
1306100,2020-12-16 00:06:03.494746+00,2020-12-16 00:06:03.494761+00,,,IV KOTO AUR MALINTANG,,,1306,
1307010,2020-12-16 00:06:03.497341+00,2020-12-16 00:06:03.497356+00,,,TANJUNG MUTIARA,,,1307,
1307020,2020-12-16 00:06:03.499955+00,2020-12-16 00:06:03.49997+00,,,LUBUK BASUNG,,,1307,
1307021,2020-12-16 00:06:03.502519+00,2020-12-16 00:06:03.502534+00,,,AMPEK NAGARI,,,1307,
1307030,2020-12-16 00:06:03.505223+00,2020-12-16 00:06:03.505238+00,,,TANJUNG RAYA,,,1307,
1307040,2020-12-16 00:06:03.507617+00,2020-12-16 00:06:03.507632+00,,,MATUR,,,1307,
1307050,2020-12-16 00:06:03.510015+00,2020-12-16 00:06:03.51003+00,,,IV KOTO,,,1307,
1307051,2020-12-16 00:06:03.512462+00,2020-12-16 00:06:03.512502+00,,,MALALAK,,,1307,
1307061,2020-12-16 00:06:03.515908+00,2020-12-16 00:06:03.515943+00,,,BANUHAMPU,,,1307,
1307062,2020-12-16 00:06:03.519169+00,2020-12-16 00:06:03.519195+00,,,SUNGAI PUA,,,1307,
1307070,2020-12-16 00:06:03.521988+00,2020-12-16 00:06:03.522013+00,,,AMPEK ANGKEK,,,1307,
1307071,2020-12-16 00:06:03.524876+00,2020-12-16 00:06:03.524899+00,,,CANDUANG,,,1307,
1307080,2020-12-16 00:06:03.52782+00,2020-12-16 00:06:03.527844+00,,,BASO,,,1307,
1307090,2020-12-16 00:06:03.531237+00,2020-12-16 00:06:03.531254+00,,,TILATANG KAMANG,,,1307,
1307091,2020-12-16 00:06:03.533986+00,2020-12-16 00:06:03.533999+00,,,KAMANG MAGEK,,,1307,
1307100,2020-12-16 00:06:03.536588+00,2020-12-16 00:06:03.536601+00,,,PALEMBAYAN,,,1307,
1307110,2020-12-16 00:06:03.538965+00,2020-12-16 00:06:03.538978+00,,,PALUPUH,,,1307,
1308010,2020-12-16 00:06:03.54142+00,2020-12-16 00:06:03.541434+00,,,PAYAKUMBUH,,,1308,
1308011,2020-12-16 00:06:03.543945+00,2020-12-16 00:06:03.543958+00,,,AKABILURU,,,1308,
1308020,2020-12-16 00:06:03.546326+00,2020-12-16 00:06:03.54634+00,,,LUAK,,,1308,
1308021,2020-12-16 00:06:03.548593+00,2020-12-16 00:06:03.548605+00,,,LAREH SAGO HALABAN,,,1308,
1308022,2020-12-16 00:06:03.550903+00,2020-12-16 00:06:03.550916+00,,,SITUJUAH LIMO NAGARI,,,1308,
1308030,2020-12-16 00:06:03.553358+00,2020-12-16 00:06:03.553373+00,,,HARAU,,,1308,
1308040,2020-12-16 00:06:03.555858+00,2020-12-16 00:06:03.555871+00,,,GUGUAK,,,1308,
1308041,2020-12-16 00:06:03.558268+00,2020-12-16 00:06:03.558281+00,,,MUNGKA,,,1308,
1308050,2020-12-16 00:06:03.560575+00,2020-12-16 00:06:03.560589+00,,,SULIKI,,,1308,
1308051,2020-12-16 00:06:03.562753+00,2020-12-16 00:06:03.562767+00,,,BUKIK BARISAN,,,1308,
1308060,2020-12-16 00:06:03.564951+00,2020-12-16 00:06:03.564964+00,,,GUNUANG OMEH,,,1308,
1308070,2020-12-16 00:06:03.566909+00,2020-12-16 00:06:03.566922+00,,,KAPUR IX,,,1308,
1308080,2020-12-16 00:06:03.568959+00,2020-12-16 00:06:03.568973+00,,,PANGKALAN KOTO BARU,,,1308,
1309070,2020-12-16 00:06:03.570781+00,2020-12-16 00:06:03.570793+00,,,BONJOL,,,1309,
1309071,2020-12-16 00:06:03.572412+00,2020-12-16 00:06:03.572423+00,,,TIGO NAGARI,,,1309,
1309072,2020-12-16 00:06:03.574061+00,2020-12-16 00:06:03.574072+00,,,SIMPANG ALAHAN MATI,,,1309,
1309080,2020-12-16 00:06:03.57581+00,2020-12-16 00:06:03.575821+00,,,LUBUK SIKAPING,,,1309,
1309100,2020-12-16 00:06:03.577863+00,2020-12-16 00:06:03.577877+00,,,DUA KOTO,,,1309,
1309110,2020-12-16 00:06:03.579783+00,2020-12-16 00:06:03.579795+00,,,PANTI,,,1309,
1309111,2020-12-16 00:06:03.581507+00,2020-12-16 00:06:03.581519+00,,,PADANG GELUGUR,,,1309,
1309121,2020-12-16 00:06:03.583579+00,2020-12-16 00:06:03.583593+00,,,RAO,,,1309,
1309122,2020-12-16 00:06:03.585546+00,2020-12-16 00:06:03.585568+00,,,MAPAT TUNGGUL,,,1309,
1309123,2020-12-16 00:06:03.587282+00,2020-12-16 00:06:03.587294+00,,,MAPAT TUNGGUL SELATAN,,,1309,
1309124,2020-12-16 00:06:03.589033+00,2020-12-16 00:06:03.589047+00,,,RAO SELATAN,,,1309,
1309125,2020-12-16 00:06:03.591225+00,2020-12-16 00:06:03.591244+00,,,RAO UTARA,,,1309,
1310010,2020-12-16 00:06:03.593369+00,2020-12-16 00:06:03.593382+00,,,SANGIR,,,1310,
1310020,2020-12-16 00:06:03.595451+00,2020-12-16 00:06:03.595464+00,,,SANGIR JUJUAN,,,1310,
1310021,2020-12-16 00:06:03.597314+00,2020-12-16 00:06:03.597326+00,,,SANGIR BALAI JANGGO,,,1310,
1310030,2020-12-16 00:06:03.59907+00,2020-12-16 00:06:03.599081+00,,,SANGIR BATANG HARI,,,1310,
1310040,2020-12-16 00:06:03.600753+00,2020-12-16 00:06:03.600764+00,,,SUNGAI PAGU,,,1310,
1310041,2020-12-16 00:06:03.602435+00,2020-12-16 00:06:03.602447+00,,,PAUAH DUO,,,1310,
1310050,2020-12-16 00:06:03.604202+00,2020-12-16 00:06:03.604214+00,,,KOTO PARIK GADANG DIATEH,,,1310,
1311010,2020-12-16 00:06:03.606167+00,2020-12-16 00:06:03.60618+00,,,SUNGAI RUMBAI,,,1311,
1311011,2020-12-16 00:06:03.607987+00,2020-12-16 00:06:03.607999+00,,,KOTO BESAR,,,1311,
1311012,2020-12-16 00:06:03.609651+00,2020-12-16 00:06:03.609663+00,,,ASAM JUJUHAN,,,1311,
1311020,2020-12-16 00:06:03.611323+00,2020-12-16 00:06:03.611335+00,,,KOTO BARU,,,1311,
1311021,2020-12-16 00:06:03.613051+00,2020-12-16 00:06:03.613063+00,,,KOTO SALAK,,,1311,
1311022,2020-12-16 00:06:03.615595+00,2020-12-16 00:06:03.615611+00,,,TIUMANG,,,1311,
1311023,2020-12-16 00:06:03.618416+00,2020-12-16 00:06:03.61843+00,,,PADANG LAWEH,,,1311,
1311030,2020-12-16 00:06:03.621384+00,2020-12-16 00:06:03.621398+00,,,SITIUNG,,,1311,
1311040,2020-12-16 00:06:03.626884+00,2020-12-16 00:06:03.626914+00,,,PULAU PUNJUNG,,,1311,
1311041,2020-12-16 00:06:03.630332+00,2020-12-16 00:06:03.630361+00,,,IX KOTO,,,1311,
1312010,2020-12-16 00:06:03.633742+00,2020-12-16 00:06:03.633773+00,,,SUNGAI BEREMAS,,,1312,
1312020,2020-12-16 00:06:03.637163+00,2020-12-16 00:06:03.637193+00,,,RANAH BATAHAN,,,1312,
1312030,2020-12-16 00:06:03.640193+00,2020-12-16 00:06:03.640206+00,,,KOTO BALINGKA,,,1312,
1312040,2020-12-16 00:06:03.642992+00,2020-12-16 00:06:03.643005+00,,,SUNGAI AUR,,,1312,
1312050,2020-12-16 00:06:03.645741+00,2020-12-16 00:06:03.645755+00,,,LEMBAH MALINTANG,,,1312,
1312060,2020-12-16 00:06:03.648187+00,2020-12-16 00:06:03.6482+00,,,GUNUNG TULEH,,,1312,
1312070,2020-12-16 00:06:03.650459+00,2020-12-16 00:06:03.650471+00,,,TALAMAU,,,1312,
1312080,2020-12-16 00:06:03.652908+00,2020-12-16 00:06:03.652923+00,,,PASAMAN,,,1312,
1312090,2020-12-16 00:06:03.655683+00,2020-12-16 00:06:03.655696+00,,,LUHAK NAN DUO,,,1312,
1312100,2020-12-16 00:06:03.658113+00,2020-12-16 00:06:03.658126+00,,,SASAK RANAH PASISIE,,,1312,
1312110,2020-12-16 00:06:03.660418+00,2020-12-16 00:06:03.66043+00,,,KINALI,,,1312,
1371010,2020-12-16 00:06:03.662745+00,2020-12-16 00:06:03.662758+00,,,BUNGUS TELUK KABUNG,,,1371,
1371020,2020-12-16 00:06:03.665449+00,2020-12-16 00:06:03.665463+00,,,LUBUK KILANGAN,,,1371,
1371030,2020-12-16 00:06:03.668091+00,2020-12-16 00:06:03.668105+00,,,LUBUK BEGALUNG,,,1371,
1371040,2020-12-16 00:06:03.670671+00,2020-12-16 00:06:03.670686+00,,,PADANG SELATAN,,,1371,
1371050,2020-12-16 00:06:03.673308+00,2020-12-16 00:06:03.673322+00,,,PADANG TIMUR,,,1371,
1371060,2020-12-16 00:06:03.675479+00,2020-12-16 00:06:03.675492+00,,,PADANG BARAT,,,1371,
1371070,2020-12-16 00:06:03.677957+00,2020-12-16 00:06:03.677971+00,,,PADANG UTARA,,,1371,
1371080,2020-12-16 00:06:03.680297+00,2020-12-16 00:06:03.680309+00,,,NANGGALO,,,1371,
1371090,2020-12-16 00:06:03.682791+00,2020-12-16 00:06:03.682806+00,,,KURANJI,,,1371,
1371100,2020-12-16 00:06:03.685479+00,2020-12-16 00:06:03.685492+00,,,PAUH,,,1371,
1371110,2020-12-16 00:06:03.687791+00,2020-12-16 00:06:03.687804+00,,,KOTO TANGAH,,,1371,
1372010,2020-12-16 00:06:03.689957+00,2020-12-16 00:06:03.689969+00,,,LUBUK SIKARAH,,,1372,
1372020,2020-12-16 00:06:03.692366+00,2020-12-16 00:06:03.692383+00,,,TANJUNG HARAPAN,,,1372,
1373010,2020-12-16 00:06:03.695064+00,2020-12-16 00:06:03.69508+00,,,SILUNGKANG,,,1373,
1373020,2020-12-16 00:06:03.697952+00,2020-12-16 00:06:03.697965+00,,,LEMBAH SEGAR,,,1373,
1373030,2020-12-16 00:06:03.700659+00,2020-12-16 00:06:03.700672+00,,,BARANGIN,,,1373,
1373040,2020-12-16 00:06:03.703422+00,2020-12-16 00:06:03.703435+00,,,TALAWI,,,1373,
1374010,2020-12-16 00:06:03.706006+00,2020-12-16 00:06:03.706019+00,,,PADANG PANJANG BARAT,,,1374,
1374020,2020-12-16 00:06:03.708567+00,2020-12-16 00:06:03.70858+00,,,PADANG PANJANG TIMUR,,,1374,
1375010,2020-12-16 00:06:03.711093+00,2020-12-16 00:06:03.711106+00,,,GUGUK PANJANG,,,1375,
1375020,2020-12-16 00:06:03.713514+00,2020-12-16 00:06:03.713529+00,,,MANDIANGIN KOTO SELAYAN,,,1375,
1375030,2020-12-16 00:06:03.716019+00,2020-12-16 00:06:03.716033+00,,,AUR BIRUGO TIGO BALEH,,,1375,
1376010,2020-12-16 00:06:03.718589+00,2020-12-16 00:06:03.718602+00,,,PAYAKUMBUH BARAT,,,1376,
1376011,2020-12-16 00:06:03.721084+00,2020-12-16 00:06:03.721098+00,,,PAYAKUMBUH SELATAN,,,1376,
1376020,2020-12-16 00:06:03.723744+00,2020-12-16 00:06:03.723758+00,,,PAYAKUMBUH TIMUR,,,1376,
1376030,2020-12-16 00:06:03.72614+00,2020-12-16 00:06:03.726153+00,,,PAYAKUMBUH UTARA,,,1376,
1376031,2020-12-16 00:06:03.729061+00,2020-12-16 00:06:03.729099+00,,,LAMPOSI TIGO NAGORI,,,1376,
1377010,2020-12-16 00:06:03.733023+00,2020-12-16 00:06:03.733062+00,,,PARIAMAN SELATAN,,,1377,
1377020,2020-12-16 00:06:03.73723+00,2020-12-16 00:06:03.737266+00,,,PARIAMAN TENGAH,,,1377,
1377021,2020-12-16 00:06:03.740552+00,2020-12-16 00:06:03.740567+00,,,PARIAMAN TIMUR,,,1377,
1377030,2020-12-16 00:06:03.743722+00,2020-12-16 00:06:03.743737+00,,,PARIAMAN UTARA,,,1377,
1401010,2020-12-16 00:06:03.746655+00,2020-12-16 00:06:03.746671+00,,,KUANTAN MUDIK,,,1401,
1401011,2020-12-16 00:06:03.749344+00,2020-12-16 00:06:03.749358+00,,,HULU KUANTAN,,,1401,
1401012,2020-12-16 00:06:03.751889+00,2020-12-16 00:06:03.751904+00,,,GUNUNG TOAR,,,1401,
1401013,2020-12-16 00:06:03.75466+00,2020-12-16 00:06:03.754675+00,,,PUCUK RANTAU,,,1401,
1401020,2020-12-16 00:06:03.757316+00,2020-12-16 00:06:03.757331+00,,,SINGINGI,,,1401,
1401021,2020-12-16 00:06:03.760087+00,2020-12-16 00:06:03.760102+00,,,SINGINGI HILIR,,,1401,
1401030,2020-12-16 00:06:03.762574+00,2020-12-16 00:06:03.762589+00,,,KUANTAN TENGAH,,,1401,
1401031,2020-12-16 00:06:03.765466+00,2020-12-16 00:06:03.765481+00,,,SENTAJO RAYA,,,1401,
1401040,2020-12-16 00:06:03.768279+00,2020-12-16 00:06:03.768294+00,,,BENAI,,,1401,
1401050,2020-12-16 00:06:03.771267+00,2020-12-16 00:06:03.771283+00,,,KUANTAN HILIR,,,1401,
1401051,2020-12-16 00:06:03.774144+00,2020-12-16 00:06:03.774159+00,,,PANGEAN,,,1401,
1401052,2020-12-16 00:06:03.776785+00,2020-12-16 00:06:03.7768+00,,,LOGAS TANAH DARAT,,,1401,
1401053,2020-12-16 00:06:03.779472+00,2020-12-16 00:06:03.779487+00,,,KUANTAN HILIR SEBERANG,,,1401,
1401060,2020-12-16 00:06:03.782281+00,2020-12-16 00:06:03.782296+00,,,CERENTI,,,1401,
1401061,2020-12-16 00:06:03.78501+00,2020-12-16 00:06:03.785024+00,,,INUMAN,,,1401,
1402010,2020-12-16 00:06:03.787668+00,2020-12-16 00:06:03.787682+00,,,PERANAP,,,1402,
1402011,2020-12-16 00:06:03.790109+00,2020-12-16 00:06:03.790124+00,,,BATANG PERANAP,,,1402,
1402020,2020-12-16 00:06:03.792454+00,2020-12-16 00:06:03.792469+00,,,SEBERIDA,,,1402,
1402021,2020-12-16 00:06:03.794849+00,2020-12-16 00:06:03.794872+00,,,BATANG CENAKU,,,1402,
1402022,2020-12-16 00:06:03.798185+00,2020-12-16 00:06:03.798215+00,,,BATANG GANSAL,,,1402,
1402030,2020-12-16 00:06:03.801184+00,2020-12-16 00:06:03.801197+00,,,KELAYANG,,,1402,
1402031,2020-12-16 00:06:03.804384+00,2020-12-16 00:06:03.804399+00,,,RAKIT KULIM,,,1402,
1402040,2020-12-16 00:06:03.80733+00,2020-12-16 00:06:03.807343+00,,,PASIR PENYU,,,1402,
1402041,2020-12-16 00:06:03.809947+00,2020-12-16 00:06:03.80996+00,,,LIRIK,,,1402,
1402042,2020-12-16 00:06:03.812421+00,2020-12-16 00:06:03.812435+00,,,SUNGAI LALA,,,1402,
1402043,2020-12-16 00:06:03.814941+00,2020-12-16 00:06:03.814955+00,,,LUBUK BATU JAYA,,,1402,
1402050,2020-12-16 00:06:03.817739+00,2020-12-16 00:06:03.817753+00,,,RENGAT BARAT,,,1402,
1402060,2020-12-16 00:06:03.820614+00,2020-12-16 00:06:03.820628+00,,,RENGAT,,,1402,
1402061,2020-12-16 00:06:03.823541+00,2020-12-16 00:06:03.823556+00,,,KUALA CENAKU,,,1402,
1403010,2020-12-16 00:06:03.826581+00,2020-12-16 00:06:03.826596+00,,,KERITANG,,,1403,
1403011,2020-12-16 00:06:03.82959+00,2020-12-16 00:06:03.829604+00,,,KEMUNING,,,1403,
1403020,2020-12-16 00:06:03.832704+00,2020-12-16 00:06:03.832719+00,,,RETEH,,,1403,
1403021,2020-12-16 00:06:03.835509+00,2020-12-16 00:06:03.835523+00,,,SUNGAI BATANG,,,1403,
1403030,2020-12-16 00:06:03.838152+00,2020-12-16 00:06:03.838166+00,,,ENOK,,,1403,
1403040,2020-12-16 00:06:03.840553+00,2020-12-16 00:06:03.840567+00,,,TANAH MERAH,,,1403,
1403050,2020-12-16 00:06:03.843313+00,2020-12-16 00:06:03.843328+00,,,KUALA INDRAGIRI,,,1403,
1403051,2020-12-16 00:06:03.845929+00,2020-12-16 00:06:03.845943+00,,,CONCONG,,,1403,
1403060,2020-12-16 00:06:03.848671+00,2020-12-16 00:06:03.848686+00,,,TEMBILAHAN,,,1403,
1403061,2020-12-16 00:06:03.851491+00,2020-12-16 00:06:03.851506+00,,,TEMBILAHAN HULU,,,1403,
1403070,2020-12-16 00:06:03.854247+00,2020-12-16 00:06:03.854262+00,,,TEMPULING,,,1403,
1403071,2020-12-16 00:06:03.856894+00,2020-12-16 00:06:03.856908+00,,,KEMPAS,,,1403,
1403080,2020-12-16 00:06:03.859732+00,2020-12-16 00:06:03.859747+00,,,BATANG TUAKA,,,1403,
1403090,2020-12-16 00:06:03.86236+00,2020-12-16 00:06:03.862374+00,,,GAUNG ANAK SERKA,,,1403,
1403100,2020-12-16 00:06:03.864871+00,2020-12-16 00:06:03.864885+00,,,GAUNG,,,1403,
1403110,2020-12-16 00:06:03.867868+00,2020-12-16 00:06:03.867883+00,,,MANDAH,,,1403,
1403120,2020-12-16 00:06:03.870883+00,2020-12-16 00:06:03.870897+00,,,KATEMAN,,,1403,
1403121,2020-12-16 00:06:03.87386+00,2020-12-16 00:06:03.873875+00,,,PELANGIRAN,,,1403,
1403122,2020-12-16 00:06:03.876649+00,2020-12-16 00:06:03.876663+00,,,TELUK BELENGKONG,,,1403,
1403123,2020-12-16 00:06:03.879587+00,2020-12-16 00:06:03.879602+00,,,PULAU BURUNG,,,1403,
1404010,2020-12-16 00:06:03.882086+00,2020-12-16 00:06:03.882102+00,,,LANGGAM,,,1404,
1404011,2020-12-16 00:06:03.885068+00,2020-12-16 00:06:03.885091+00,,,PANGKALAN KERINCI,,,1404,
1404012,2020-12-16 00:06:03.888025+00,2020-12-16 00:06:03.888047+00,,,BANDAR SEIKIJANG,,,1404,
1404020,2020-12-16 00:06:03.890717+00,2020-12-16 00:06:03.89075+00,,,PANGKALAN KURAS,,,1404,
1404021,2020-12-16 00:06:03.89378+00,2020-12-16 00:06:03.893802+00,,,UKUI,,,1404,
1404022,2020-12-16 00:06:03.896641+00,2020-12-16 00:06:03.896661+00,,,PANGKALAN LESUNG,,,1404,
1404030,2020-12-16 00:06:03.900109+00,2020-12-16 00:06:03.900143+00,,,BUNUT,,,1404,
1404031,2020-12-16 00:06:03.903715+00,2020-12-16 00:06:03.903742+00,,,PELALAWAN,,,1404,
1404032,2020-12-16 00:06:03.907119+00,2020-12-16 00:06:03.907144+00,,,BANDAR PETALANGAN,,,1404,
1404040,2020-12-16 00:06:03.9105+00,2020-12-16 00:06:03.910526+00,,,KUALA KAMPAR,,,1404,
1404041,2020-12-16 00:06:03.913638+00,2020-12-16 00:06:03.913663+00,,,KERUMUTAN,,,1404,
1404042,2020-12-16 00:06:03.917091+00,2020-12-16 00:06:03.917116+00,,,TELUK MERANTI,,,1404,
1405010,2020-12-16 00:06:03.920404+00,2020-12-16 00:06:03.920431+00,,,MINAS,,,1405,
1405011,2020-12-16 00:06:03.923485+00,2020-12-16 00:06:03.92351+00,,,SUNGAI MANDAU,,,1405,
1405012,2020-12-16 00:06:03.926409+00,2020-12-16 00:06:03.926423+00,,,KANDIS,,,1405,
1405020,2020-12-16 00:06:03.92884+00,2020-12-16 00:06:03.928854+00,,,SIAK,,,1405,
1405021,2020-12-16 00:06:03.931653+00,2020-12-16 00:06:03.931667+00,,,KERINCI KANAN,,,1405,
1405022,2020-12-16 00:06:03.934348+00,2020-12-16 00:06:03.934363+00,,,TUALANG,,,1405,
1405023,2020-12-16 00:06:03.936875+00,2020-12-16 00:06:03.93689+00,,,DAYUN,,,1405,
1405024,2020-12-16 00:06:03.939397+00,2020-12-16 00:06:03.939411+00,,,LUBUK DALAM,,,1405,
1405025,2020-12-16 00:06:03.941548+00,2020-12-16 00:06:03.941562+00,,,KOTO GASIB,,,1405,
1405026,2020-12-16 00:06:03.943559+00,2020-12-16 00:06:03.943573+00,,,MEMPURA,,,1405,
1405030,2020-12-16 00:06:03.945517+00,2020-12-16 00:06:03.945532+00,,,SUNGAI APIT,,,1405,
1405031,2020-12-16 00:06:03.947327+00,2020-12-16 00:06:03.94734+00,,,BUNGA RAYA,,,1405,
1405032,2020-12-16 00:06:03.949569+00,2020-12-16 00:06:03.949584+00,,,SABAK AUH,,,1405,
1405033,2020-12-16 00:06:03.951846+00,2020-12-16 00:06:03.951861+00,,,PUSAKO,,,1405,
1406010,2020-12-16 00:06:03.954156+00,2020-12-16 00:06:03.954171+00,,,KAMPAR KIRI,,,1406,
1406011,2020-12-16 00:06:03.956387+00,2020-12-16 00:06:03.956402+00,,,KAMPAR KIRI HULU,,,1406,
1406012,2020-12-16 00:06:03.958716+00,2020-12-16 00:06:03.958731+00,,,KAMPAR KIRI HILIR,,,1406,
1406013,2020-12-16 00:06:03.961067+00,2020-12-16 00:06:03.961082+00,,,GUNUNG SAHILAN,,,1406,
1406014,2020-12-16 00:06:03.963533+00,2020-12-16 00:06:03.963546+00,,,KAMPAR KIRI TENGAH,,,1406,
1406020,2020-12-16 00:06:03.966138+00,2020-12-16 00:06:03.966152+00,,,XIII KOTO KAMPAR,,,1406,
1406021,2020-12-16 00:06:03.968652+00,2020-12-16 00:06:03.968667+00,,,KOTO KAMPAR HULU,,,1406,
1406030,2020-12-16 00:06:03.971365+00,2020-12-16 00:06:03.971379+00,,,KUOK,,,1406,
1406031,2020-12-16 00:06:03.974008+00,2020-12-16 00:06:03.974023+00,,,SALO,,,1406,
1406040,2020-12-16 00:06:03.977209+00,2020-12-16 00:06:03.977249+00,,,TAPUNG,,,1406,
1406041,2020-12-16 00:06:03.981009+00,2020-12-16 00:06:03.981045+00,,,TAPUNG HULU,,,1406,
1406042,2020-12-16 00:06:03.984842+00,2020-12-16 00:06:03.984883+00,,,TAPUNG HILIR,,,1406,
1406050,2020-12-16 00:06:03.988172+00,2020-12-16 00:06:03.988187+00,,,BANGKINANG KOTA,,,1406,
1406051,2020-12-16 00:06:03.990454+00,2020-12-16 00:06:03.990467+00,,,BANGKINANG,,,1406,
1406060,2020-12-16 00:06:03.993058+00,2020-12-16 00:06:03.993073+00,,,KAMPAR,,,1406,
1406061,2020-12-16 00:06:03.995748+00,2020-12-16 00:06:03.995763+00,,,KAMPAR TIMUR,,,1406,
1406062,2020-12-16 00:06:03.998688+00,2020-12-16 00:06:03.998703+00,,,RUMBIO JAYA,,,1406,
1406063,2020-12-16 00:06:04.001454+00,2020-12-16 00:06:04.001468+00,,,KAMPAR UTARA,,,1406,
1406070,2020-12-16 00:06:04.004345+00,2020-12-16 00:06:04.004374+00,,,TAMBANG,,,1406,
1406080,2020-12-16 00:06:04.00817+00,2020-12-16 00:06:04.008198+00,,,SIAK HULU,,,1406,
1406081,2020-12-16 00:06:04.011932+00,2020-12-16 00:06:04.011961+00,,,PERHENTIAN RAJA,,,1406,
1407010,2020-12-16 00:06:04.015416+00,2020-12-16 00:06:04.015442+00,,,ROKAN IV KOTO,,,1407,
1407011,2020-12-16 00:06:04.018694+00,2020-12-16 00:06:04.018707+00,,,PENDALIAN IV KOTO,,,1407,
1407020,2020-12-16 00:06:04.021409+00,2020-12-16 00:06:04.021423+00,,,TANDUN,,,1407,
1407021,2020-12-16 00:06:04.023978+00,2020-12-16 00:06:04.023993+00,,,KABUN,,,1407,
1407022,2020-12-16 00:06:04.026551+00,2020-12-16 00:06:04.026565+00,,,UJUNG BATU,,,1407,
1407030,2020-12-16 00:06:04.029209+00,2020-12-16 00:06:04.029224+00,,,RAMBAH SAMO,,,1407,
1407040,2020-12-16 00:06:04.031895+00,2020-12-16 00:06:04.031909+00,,,RAMBAH,,,1407,
1407041,2020-12-16 00:06:04.03434+00,2020-12-16 00:06:04.034353+00,,,RAMBAH HILIR,,,1407,
1407042,2020-12-16 00:06:04.037044+00,2020-12-16 00:06:04.037058+00,,,BANGUN PURBA,,,1407,
1407050,2020-12-16 00:06:04.039708+00,2020-12-16 00:06:04.039722+00,,,TAMBUSAI,,,1407,
1407051,2020-12-16 00:06:04.042281+00,2020-12-16 00:06:04.042296+00,,,TAMBUSAI UTARA,,,1407,
1407060,2020-12-16 00:06:04.045528+00,2020-12-16 00:06:04.045557+00,,,KEPENUHAN,,,1407,
1407061,2020-12-16 00:06:04.049023+00,2020-12-16 00:06:04.049051+00,,,KEPENUHAN HULU,,,1407,
1407070,2020-12-16 00:06:04.052442+00,2020-12-16 00:06:04.052471+00,,,KUNTO DARUSSALAM,,,1407,
1407071,2020-12-16 00:06:04.055806+00,2020-12-16 00:06:04.055829+00,,,PAGARAN TAPAH DARUSSALAM,,,1407,
1407072,2020-12-16 00:06:04.059124+00,2020-12-16 00:06:04.059148+00,,,BONAI DARUSSALAM,,,1407,
1408010,2020-12-16 00:06:04.06244+00,2020-12-16 00:06:04.062464+00,,,MANDAU,,,1408,
1408011,2020-12-16 00:06:04.065952+00,2020-12-16 00:06:04.065979+00,,,PINGGIR,,,1408,
1408020,2020-12-16 00:06:04.069258+00,2020-12-16 00:06:04.069284+00,,,BUKIT BATU,,,1408,
1408021,2020-12-16 00:06:04.072686+00,2020-12-16 00:06:04.072713+00,,,SIAK KECIL,,,1408,
1408030,2020-12-16 00:06:04.076148+00,2020-12-16 00:06:04.076171+00,,,RUPAT,,,1408,
1408031,2020-12-16 00:06:04.079367+00,2020-12-16 00:06:04.07939+00,,,RUPAT UTARA,,,1408,
1408040,2020-12-16 00:06:04.082394+00,2020-12-16 00:06:04.082416+00,,,BENGKALIS,,,1408,
1408050,2020-12-16 00:06:04.085461+00,2020-12-16 00:06:04.085484+00,,,BANTAN,,,1408,
1409010,2020-12-16 00:06:04.088824+00,2020-12-16 00:06:04.08885+00,,,TANAH PUTIH,,,1409,
1409011,2020-12-16 00:06:04.092183+00,2020-12-16 00:06:04.092211+00,,,PUJUD,,,1409,
1409012,2020-12-16 00:06:04.095516+00,2020-12-16 00:06:04.095543+00,,,TANAH PUTIH TANJUNG MELAWAN,,,1409,
1409013,2020-12-16 00:06:04.09868+00,2020-12-16 00:06:04.098695+00,,,RANTAU KOPAR,,,1409,
1409014,2020-12-16 00:06:04.101362+00,2020-12-16 00:06:04.101377+00,,,TANJUNG MEDAN,,,1409,
1409020,2020-12-16 00:06:04.104176+00,2020-12-16 00:06:04.104191+00,,,BAGAN SINEMBAH,,,1409,
1409021,2020-12-16 00:06:04.106995+00,2020-12-16 00:06:04.107022+00,,,SIMPANG KANAN,,,1409,
1409022,2020-12-16 00:06:04.109782+00,2020-12-16 00:06:04.109798+00,,,BAGAN SINEMBAH RAYA,,,1409,
1409023,2020-12-16 00:06:04.112609+00,2020-12-16 00:06:04.112623+00,,,BALAI JAYA,,,1409,
1409030,2020-12-16 00:06:04.116408+00,2020-12-16 00:06:04.116447+00,,,KUBU,,,1409,
1409031,2020-12-16 00:06:04.120285+00,2020-12-16 00:06:04.120324+00,,,PASIR LIMAU KAPAS,,,1409,
1409032,2020-12-16 00:06:04.123917+00,2020-12-16 00:06:04.123953+00,,,KUBU BABUSSALAM,,,1409,
1409040,2020-12-16 00:06:04.127464+00,2020-12-16 00:06:04.127476+00,,,BANGKO,,,1409,
1409041,2020-12-16 00:06:04.129835+00,2020-12-16 00:06:04.129848+00,,,SINABOI,,,1409,
1409042,2020-12-16 00:06:04.132392+00,2020-12-16 00:06:04.132405+00,,,BATU HAMPAR,,,1409,
1409043,2020-12-16 00:06:04.13494+00,2020-12-16 00:06:04.134953+00,,,PEKAITAN,,,1409,
1409050,2020-12-16 00:06:04.137495+00,2020-12-16 00:06:04.137522+00,,,RIMBA MELINTANG,,,1409,
1409051,2020-12-16 00:06:04.140806+00,2020-12-16 00:06:04.140833+00,,,BANGKO PUSAKO,,,1409,
1410010,2020-12-16 00:06:04.144153+00,2020-12-16 00:06:04.14418+00,,,TEBING TINGGI BARAT,,,1410,
1410020,2020-12-16 00:06:04.147483+00,2020-12-16 00:06:04.147507+00,,,TEBING TINGGI,,,1410,
1410021,2020-12-16 00:06:04.150643+00,2020-12-16 00:06:04.150667+00,,,TEBING TINGGI TIMUR,,,1410,
1410030,2020-12-16 00:06:04.15396+00,2020-12-16 00:06:04.154006+00,,,RANGSANG,,,1410,
1410031,2020-12-16 00:06:04.15842+00,2020-12-16 00:06:04.158459+00,,,RANGSANG PESISIR,,,1410,
1410040,2020-12-16 00:06:04.162456+00,2020-12-16 00:06:04.162495+00,,,RANGSANG BARAT,,,1410,
1410050,2020-12-16 00:06:04.166444+00,2020-12-16 00:06:04.166483+00,,,MERBAU,,,1410,
1410051,2020-12-16 00:06:04.170672+00,2020-12-16 00:06:04.170687+00,,,PULAU MERBAU,,,1410,
1410052,2020-12-16 00:06:04.173681+00,2020-12-16 00:06:04.173696+00,,,PUTRI PUYU,,,1410,
1471010,2020-12-16 00:06:04.17774+00,2020-12-16 00:06:04.177782+00,,,TAMPAN,,,1471,
1471011,2020-12-16 00:06:04.181828+00,2020-12-16 00:06:04.181861+00,,,PAYUNG SEKAKI,,,1471,
1471020,2020-12-16 00:06:04.185551+00,2020-12-16 00:06:04.185584+00,,,BUKIT RAYA,,,1471,
1471021,2020-12-16 00:06:04.189139+00,2020-12-16 00:06:04.189173+00,,,MARPOYAN DAMAI,,,1471,
1471022,2020-12-16 00:06:04.192589+00,2020-12-16 00:06:04.192613+00,,,TENAYAN RAYA,,,1471,
1471030,2020-12-16 00:06:04.195741+00,2020-12-16 00:06:04.195765+00,,,LIMAPULUH,,,1471,
1471040,2020-12-16 00:06:04.198943+00,2020-12-16 00:06:04.198967+00,,,SAIL,,,1471,
1471050,2020-12-16 00:06:04.202308+00,2020-12-16 00:06:04.202331+00,,,PEKANBARU KOTA,,,1471,
1471060,2020-12-16 00:06:04.205506+00,2020-12-16 00:06:04.205529+00,,,SUKAJADI,,,1471,
1471070,2020-12-16 00:06:04.2094+00,2020-12-16 00:06:04.209427+00,,,SENAPELAN,,,1471,
1471080,2020-12-16 00:06:04.213133+00,2020-12-16 00:06:04.213159+00,,,RUMBAI,,,1471,
1471081,2020-12-16 00:06:04.216512+00,2020-12-16 00:06:04.216538+00,,,RUMBAI PESISIR,,,1471,
1473010,2020-12-16 00:06:04.220126+00,2020-12-16 00:06:04.22015+00,,,BUKIT KAPUR,,,1473,
1473011,2020-12-16 00:06:04.223585+00,2020-12-16 00:06:04.22361+00,,,MEDANG KAMPAI,,,1473,
1473012,2020-12-16 00:06:04.227111+00,2020-12-16 00:06:04.227136+00,,,SUNGAI SEMBILAN,,,1473,
1473020,2020-12-16 00:06:04.230378+00,2020-12-16 00:06:04.230402+00,,,DUMAI BARAT,,,1473,
1473021,2020-12-16 00:06:04.233271+00,2020-12-16 00:06:04.233295+00,,,DUMAI SELATAN,,,1473,
1473030,2020-12-16 00:06:04.236366+00,2020-12-16 00:06:04.23639+00,,,DUMAI TIMUR,,,1473,
1473031,2020-12-16 00:06:04.239563+00,2020-12-16 00:06:04.239587+00,,,DUMAI KOTA,,,1473,
1501010,2020-12-16 00:06:04.243025+00,2020-12-16 00:06:04.24305+00,,,GUNUNG RAYA,,,1501,
1501011,2020-12-16 00:06:04.246642+00,2020-12-16 00:06:04.246668+00,,,BUKIT KERMAN,,,1501,
1501020,2020-12-16 00:06:04.250292+00,2020-12-16 00:06:04.250318+00,,,BATANG MERANGIN,,,1501,
1501030,2020-12-16 00:06:04.253768+00,2020-12-16 00:06:04.253795+00,,,KELILING DANAU,,,1501,
1501040,2020-12-16 00:06:04.257235+00,2020-12-16 00:06:04.257261+00,,,DANAU KERINCI,,,1501,
1501050,2020-12-16 00:06:04.260686+00,2020-12-16 00:06:04.260712+00,,,SITINJAU LAUT,,,1501,
1501070,2020-12-16 00:06:04.264484+00,2020-12-16 00:06:04.264511+00,,,AIR HANGAT,,,1501,
1501071,2020-12-16 00:06:04.268019+00,2020-12-16 00:06:04.268042+00,,,AIR HANGAT TIMUR,,,1501,
1501072,2020-12-16 00:06:04.271068+00,2020-12-16 00:06:04.27109+00,,,DEPATI VII,,,1501,
1501073,2020-12-16 00:06:04.274133+00,2020-12-16 00:06:04.274154+00,,,AIR HANGAT BARAT,,,1501,
1501080,2020-12-16 00:06:04.276861+00,2020-12-16 00:06:04.276883+00,,,GUNUNG KERINCI,,,1501,
1501081,2020-12-16 00:06:04.279458+00,2020-12-16 00:06:04.279478+00,,,SIULAK,,,1501,
1501082,2020-12-16 00:06:04.281883+00,2020-12-16 00:06:04.281903+00,,,SIULAK MUKAI,,,1501,
1501090,2020-12-16 00:06:04.284316+00,2020-12-16 00:06:04.284337+00,,,KAYU ARO,,,1501,
1501091,2020-12-16 00:06:04.286765+00,2020-12-16 00:06:04.286785+00,,,GUNUNG TUJUH,,,1501,
1501092,2020-12-16 00:06:04.289545+00,2020-12-16 00:06:04.289566+00,,,KAYU ARO BARAT,,,1501,
1502010,2020-12-16 00:06:04.292156+00,2020-12-16 00:06:04.292175+00,,,JANGKAT,,,1502,
1502011,2020-12-16 00:06:04.294715+00,2020-12-16 00:06:04.294735+00,,,SUNGAI TENANG,,,1502,
1502020,2020-12-16 00:06:04.297677+00,2020-12-16 00:06:04.297699+00,,,MUARA SIAU,,,1502,
1502021,2020-12-16 00:06:04.300689+00,2020-12-16 00:06:04.300713+00,,,LEMBAH MASURAI,,,1502,
1502022,2020-12-16 00:06:04.303401+00,2020-12-16 00:06:04.303422+00,,,TIANG PUMPUNG,,,1502,
1502030,2020-12-16 00:06:04.305952+00,2020-12-16 00:06:04.305974+00,,,PAMENANG,,,1502,
1502031,2020-12-16 00:06:04.308556+00,2020-12-16 00:06:04.308578+00,,,PAMENANG BARAT,,,1502,
1502032,2020-12-16 00:06:04.311116+00,2020-12-16 00:06:04.311128+00,,,RENAH PAMENANG,,,1502,
1502033,2020-12-16 00:06:04.313492+00,2020-12-16 00:06:04.313509+00,,,PAMENANG SELATAN,,,1502,
1502040,2020-12-16 00:06:04.316109+00,2020-12-16 00:06:04.316123+00,,,BANGKO,,,1502,
1502041,2020-12-16 00:06:04.318371+00,2020-12-16 00:06:04.318384+00,,,BANGKO BARAT,,,1502,
1502042,2020-12-16 00:06:04.320603+00,2020-12-16 00:06:04.320617+00,,,NALO TANTAN,,,1502,
1502043,2020-12-16 00:06:04.323152+00,2020-12-16 00:06:04.323164+00,,,BATANG MASUMAI,,,1502,
1502050,2020-12-16 00:06:04.325735+00,2020-12-16 00:06:04.325748+00,,,SUNGAI MANAU,,,1502,
1502051,2020-12-16 00:06:04.328266+00,2020-12-16 00:06:04.328279+00,,,RENAH PEMBARAP,,,1502,
1502052,2020-12-16 00:06:04.330803+00,2020-12-16 00:06:04.330815+00,,,PANGKALAN JAMBU,,,1502,
1502060,2020-12-16 00:06:04.333481+00,2020-12-16 00:06:04.333494+00,,,TABIR,,,1502,
1502061,2020-12-16 00:06:04.335966+00,2020-12-16 00:06:04.335979+00,,,TABIR ULU,,,1502,
1502062,2020-12-16 00:06:04.338098+00,2020-12-16 00:06:04.33811+00,,,TABIR SELATAN,,,1502,
1502063,2020-12-16 00:06:04.340129+00,2020-12-16 00:06:04.340142+00,,,TABIR ILIR,,,1502,
1502064,2020-12-16 00:06:04.342165+00,2020-12-16 00:06:04.342177+00,,,TABIR TIMUR,,,1502,
1502065,2020-12-16 00:06:04.344181+00,2020-12-16 00:06:04.344193+00,,,TABIR LINTAS,,,1502,
1502066,2020-12-16 00:06:04.346144+00,2020-12-16 00:06:04.346155+00,,,MARGO TABIR,,,1502,
1502067,2020-12-16 00:06:04.347976+00,2020-12-16 00:06:04.347988+00,,,TABIR BARAT,,,1502,
1503010,2020-12-16 00:06:04.350012+00,2020-12-16 00:06:04.350024+00,,,BATANG ASAI,,,1503,
1503020,2020-12-16 00:06:04.352341+00,2020-12-16 00:06:04.352354+00,,,LIMUN,,,1503,
1503021,2020-12-16 00:06:04.35418+00,2020-12-16 00:06:04.354192+00,,,CERMIN NAN GEDANG,,,1503,
1503030,2020-12-16 00:06:04.356006+00,2020-12-16 00:06:04.356019+00,,,PELAWAN,,,1503,
1503031,2020-12-16 00:06:04.357704+00,2020-12-16 00:06:04.357716+00,,,SINGKUT,,,1503,
1503040,2020-12-16 00:06:04.359459+00,2020-12-16 00:06:04.359471+00,,,SAROLANGUN,,,1503,
1503041,2020-12-16 00:06:04.361161+00,2020-12-16 00:06:04.361174+00,,,BATHIN VIII,,,1503,
1503050,2020-12-16 00:06:04.362748+00,2020-12-16 00:06:04.362759+00,,,PAUH,,,1503,
1503051,2020-12-16 00:06:04.364528+00,2020-12-16 00:06:04.364549+00,,,AIR HITAM,,,1503,
1503060,2020-12-16 00:06:04.366586+00,2020-12-16 00:06:04.366599+00,,,MANDIANGIN,,,1503,
1504010,2020-12-16 00:06:04.368532+00,2020-12-16 00:06:04.368546+00,,,MERSAM,,,1504,
1504011,2020-12-16 00:06:04.370844+00,2020-12-16 00:06:04.370858+00,,,MARO SEBO ULU,,,1504,
1504020,2020-12-16 00:06:04.373196+00,2020-12-16 00:06:04.37321+00,,,BATIN XXIV,,,1504,
1504030,2020-12-16 00:06:04.375581+00,2020-12-16 00:06:04.375594+00,,,MUARA TEMBESI,,,1504,
1504040,2020-12-16 00:06:04.377909+00,2020-12-16 00:06:04.377923+00,,,MUARA BULIAN,,,1504,
1504041,2020-12-16 00:06:04.379838+00,2020-12-16 00:06:04.379849+00,,,BAJUBANG,,,1504,
1504042,2020-12-16 00:06:04.381509+00,2020-12-16 00:06:04.38152+00,,,MARO SEBO ILIR,,,1504,
1504050,2020-12-16 00:06:04.383074+00,2020-12-16 00:06:04.383086+00,,,PEMAYUNG,,,1504,
1505010,2020-12-16 00:06:04.385132+00,2020-12-16 00:06:04.385145+00,,,MESTONG,,,1505,
1505011,2020-12-16 00:06:04.386946+00,2020-12-16 00:06:04.386957+00,,,SUNGAI BAHAR,,,1505,
1505012,2020-12-16 00:06:04.388655+00,2020-12-16 00:06:04.388667+00,,,BAHAR SELATAN,,,1505,
1505013,2020-12-16 00:06:04.390341+00,2020-12-16 00:06:04.390354+00,,,BAHAR UTARA,,,1505,
1505020,2020-12-16 00:06:04.392132+00,2020-12-16 00:06:04.392145+00,,,KUMPEH ULU,,,1505,
1505021,2020-12-16 00:06:04.39399+00,2020-12-16 00:06:04.394002+00,,,SUNGAI GELAM,,,1505,
1505030,2020-12-16 00:06:04.395866+00,2020-12-16 00:06:04.395878+00,,,KUMPEH,,,1505,
1505040,2020-12-16 00:06:04.397691+00,2020-12-16 00:06:04.397703+00,,,MARO SEBO,,,1505,
1505041,2020-12-16 00:06:04.399304+00,2020-12-16 00:06:04.399316+00,,,TAMAN RAJO,,,1505,
1505050,2020-12-16 00:06:04.400985+00,2020-12-16 00:06:04.400996+00,,,JAMBI LUAR KOTA,,,1505,
1505060,2020-12-16 00:06:04.402623+00,2020-12-16 00:06:04.402634+00,,,SEKERNAN,,,1505,
1506010,2020-12-16 00:06:04.404352+00,2020-12-16 00:06:04.404365+00,,,MENDAHARA,,,1506,
1506011,2020-12-16 00:06:04.406077+00,2020-12-16 00:06:04.406089+00,,,MENDAHARA ULU,,,1506,
1506012,2020-12-16 00:06:04.407865+00,2020-12-16 00:06:04.407877+00,,,GERAGAI,,,1506,
1506020,2020-12-16 00:06:04.409669+00,2020-12-16 00:06:04.409682+00,,,DENDANG,,,1506,
1506031,2020-12-16 00:06:04.411356+00,2020-12-16 00:06:04.411368+00,,,MUARA SABAK BARAT,,,1506,
1506032,2020-12-16 00:06:04.413024+00,2020-12-16 00:06:04.413035+00,,,MUARA SABAK TIMUR,,,1506,
1506033,2020-12-16 00:06:04.414776+00,2020-12-16 00:06:04.414791+00,,,KUALA JAMBI,,,1506,
1506040,2020-12-16 00:06:04.416896+00,2020-12-16 00:06:04.416912+00,,,RANTAU RASAU,,,1506,
1506041,2020-12-16 00:06:04.418994+00,2020-12-16 00:06:04.419008+00,,,BERBAK,,,1506,
1506050,2020-12-16 00:06:04.420785+00,2020-12-16 00:06:04.420797+00,,,NIPAH PANJANG,,,1506,
1506060,2020-12-16 00:06:04.422681+00,2020-12-16 00:06:04.422692+00,,,SADU,,,1506,
1507010,2020-12-16 00:06:04.424571+00,2020-12-16 00:06:04.424583+00,,,TUNGKAL ULU,,,1507,
1507011,2020-12-16 00:06:04.426503+00,2020-12-16 00:06:04.426516+00,,,MERLUNG,,,1507,
1507012,2020-12-16 00:06:04.428568+00,2020-12-16 00:06:04.42858+00,,,BATANG ASAM,,,1507,
1507013,2020-12-16 00:06:04.430548+00,2020-12-16 00:06:04.43056+00,,,TEBING TINGGI,,,1507,
1507014,2020-12-16 00:06:04.432431+00,2020-12-16 00:06:04.432444+00,,,RENAH MENDALUH,,,1507,
1507015,2020-12-16 00:06:04.434554+00,2020-12-16 00:06:04.434568+00,,,MUARA PAPALIK,,,1507,
1507020,2020-12-16 00:06:04.436525+00,2020-12-16 00:06:04.436537+00,,,PENGABUAN,,,1507,
1507021,2020-12-16 00:06:04.438271+00,2020-12-16 00:06:04.438284+00,,,SENYERANG,,,1507,
1507030,2020-12-16 00:06:04.440266+00,2020-12-16 00:06:04.440279+00,,,TUNGKAL ILIR,,,1507,
1507031,2020-12-16 00:06:04.442261+00,2020-12-16 00:06:04.442273+00,,,BRAM ITAM,,,1507,
1507032,2020-12-16 00:06:04.444255+00,2020-12-16 00:06:04.444268+00,,,SEBERANG KOTA,,,1507,
1507040,2020-12-16 00:06:04.446334+00,2020-12-16 00:06:04.446347+00,,,BETARA,,,1507,
1507041,2020-12-16 00:06:04.448274+00,2020-12-16 00:06:04.448286+00,,,KUALA BETARA,,,1507,
1508010,2020-12-16 00:06:04.450395+00,2020-12-16 00:06:04.450408+00,,,TEBO ILIR,,,1508,
1508011,2020-12-16 00:06:04.452596+00,2020-12-16 00:06:04.452608+00,,,MUARA TABIR,,,1508,
1508020,2020-12-16 00:06:04.454845+00,2020-12-16 00:06:04.454857+00,,,TEBO TENGAH,,,1508,
1508021,2020-12-16 00:06:04.456854+00,2020-12-16 00:06:04.456866+00,,,SUMAY,,,1508,
1508022,2020-12-16 00:06:04.458772+00,2020-12-16 00:06:04.458784+00,,,TENGAH ILIR,,,1508,
1508030,2020-12-16 00:06:04.460772+00,2020-12-16 00:06:04.460784+00,,,RIMBO BUJANG,,,1508,
1508031,2020-12-16 00:06:04.462786+00,2020-12-16 00:06:04.462799+00,,,RIMBO ULU,,,1508,
1508032,2020-12-16 00:06:04.464761+00,2020-12-16 00:06:04.464774+00,,,RIMBO ILIR,,,1508,
1508040,2020-12-16 00:06:04.46672+00,2020-12-16 00:06:04.466733+00,,,TEBO ULU,,,1508,
1508041,2020-12-16 00:06:04.469002+00,2020-12-16 00:06:04.469016+00,,,VII KOTO,,,1508,
1508042,2020-12-16 00:06:04.47146+00,2020-12-16 00:06:04.471474+00,,,SERAI SERUMPUN,,,1508,
1508043,2020-12-16 00:06:04.473892+00,2020-12-16 00:06:04.473906+00,,,VII KOTO ILIR,,,1508,
1509010,2020-12-16 00:06:04.476389+00,2020-12-16 00:06:04.476402+00,,,PELEPAT,,,1509,
1509011,2020-12-16 00:06:04.478886+00,2020-12-16 00:06:04.4789+00,,,PELEPAT ILIR,,,1509,
1509021,2020-12-16 00:06:04.481283+00,2020-12-16 00:06:04.481296+00,,,BATHIN II BABEKO,,,1509,
1509022,2020-12-16 00:06:04.483483+00,2020-12-16 00:06:04.483496+00,,,RIMBO TENGAH,,,1509,
1509023,2020-12-16 00:06:04.485622+00,2020-12-16 00:06:04.485633+00,,,BUNGO DANI,,,1509,
1509024,2020-12-16 00:06:04.487627+00,2020-12-16 00:06:04.487638+00,,,PASAR MUARA BUNGO,,,1509,
1509025,2020-12-16 00:06:04.489662+00,2020-12-16 00:06:04.489674+00,,,BATHIN III,,,1509,
1509030,2020-12-16 00:06:04.491709+00,2020-12-16 00:06:04.491727+00,,,RANTAU PANDAN,,,1509,
1509031,2020-12-16 00:06:04.493723+00,2020-12-16 00:06:04.493736+00,,,MUKO-MUKO BATHIN VII,,,1509,
1509032,2020-12-16 00:06:04.495848+00,2020-12-16 00:06:04.49586+00,,,BATHIN III ULU,,,1509,
1509040,2020-12-16 00:06:04.497674+00,2020-12-16 00:06:04.497686+00,,,TANAH SEPENGGAL,,,1509,
1509041,2020-12-16 00:06:04.499272+00,2020-12-16 00:06:04.499285+00,,,TANAH SEPENGGAL LINTAS,,,1509,
1509050,2020-12-16 00:06:04.500985+00,2020-12-16 00:06:04.500996+00,,,TANAH TUMBUH,,,1509,
1509051,2020-12-16 00:06:04.502675+00,2020-12-16 00:06:04.502686+00,,,LIMBUR LUBUK MENGKUANG,,,1509,
1509052,2020-12-16 00:06:04.504366+00,2020-12-16 00:06:04.504379+00,,,BATHIN II PELAYANG,,,1509,
1509060,2020-12-16 00:06:04.506065+00,2020-12-16 00:06:04.506078+00,,,JUJUHAN,,,1509,
1509061,2020-12-16 00:06:04.507831+00,2020-12-16 00:06:04.507843+00,,,JUJUHAN ILIR,,,1509,
1571010,2020-12-16 00:06:04.509662+00,2020-12-16 00:06:04.509674+00,,,KOTA BARU,,,1571,
1571020,2020-12-16 00:06:04.511437+00,2020-12-16 00:06:04.511449+00,,,JAMBI SELATAN,,,1571,
1571030,2020-12-16 00:06:04.513156+00,2020-12-16 00:06:04.513167+00,,,JELUTUNG,,,1571,
1571040,2020-12-16 00:06:04.515367+00,2020-12-16 00:06:04.515391+00,,,PASAR JAMBI,,,1571,
1571050,2020-12-16 00:06:04.518629+00,2020-12-16 00:06:04.51867+00,,,TELANAIPURA,,,1571,
1571060,2020-12-16 00:06:04.522525+00,2020-12-16 00:06:04.522551+00,,,DANAU TELUK,,,1571,
1571070,2020-12-16 00:06:04.525537+00,2020-12-16 00:06:04.525552+00,,,PELAYANGAN,,,1571,
1571080,2020-12-16 00:06:04.527898+00,2020-12-16 00:06:04.527912+00,,,JAMBI TIMUR,,,1571,
1572010,2020-12-16 00:06:04.530267+00,2020-12-16 00:06:04.530282+00,,,TANAH KAMPUNG,,,1572,
1572020,2020-12-16 00:06:04.532262+00,2020-12-16 00:06:04.532276+00,,,KUMUN DEBAI,,,1572,
1572030,2020-12-16 00:06:04.534514+00,2020-12-16 00:06:04.534529+00,,,SUNGAI PENUH,,,1572,
1572031,2020-12-16 00:06:04.536595+00,2020-12-16 00:06:04.536609+00,,,PONDOK TINGGGI,,,1572,
1572032,2020-12-16 00:06:04.538643+00,2020-12-16 00:06:04.538657+00,,,SUNGAI BUNGKAL,,,1572,
1572040,2020-12-16 00:06:04.540591+00,2020-12-16 00:06:04.540605+00,,,HAMPARAN RAWANG,,,1572,
1572050,2020-12-16 00:06:04.542464+00,2020-12-16 00:06:04.542478+00,,,PESISIR BUKIT,,,1572,
1572051,2020-12-16 00:06:04.544616+00,2020-12-16 00:06:04.54463+00,,,KOTO BARU,,,1572,
1601052,2020-12-16 00:06:04.546965+00,2020-12-16 00:06:04.54698+00,,,LENGKITI,,,1601,
1601070,2020-12-16 00:06:04.549294+00,2020-12-16 00:06:04.549309+00,,,SOSOH BUAY RAYAP,,,1601,
1601080,2020-12-16 00:06:04.551584+00,2020-12-16 00:06:04.551599+00,,,PENGANDONAN,,,1601,
1601081,2020-12-16 00:06:04.55366+00,2020-12-16 00:06:04.553675+00,,,SEMIDANG AJI,,,1601,
1601082,2020-12-16 00:06:04.555824+00,2020-12-16 00:06:04.555839+00,,,ULU OGAN,,,1601,
1601083,2020-12-16 00:06:04.558097+00,2020-12-16 00:06:04.558132+00,,,MUARA JAYA,,,1601,
1601090,2020-12-16 00:06:04.561487+00,2020-12-16 00:06:04.561526+00,,,PENINJAUAN,,,1601,
1601091,2020-12-16 00:06:04.564746+00,2020-12-16 00:06:04.564822+00,,,LUBUK BATANG,,,1601,
1601092,2020-12-16 00:06:04.568336+00,2020-12-16 00:06:04.568372+00,,,SINAR PENINJAUAN,,,1601,
1601093,2020-12-16 00:06:04.570763+00,2020-12-16 00:06:04.570776+00,,,KEDATON PENINJAUAN RAYA,,,1601,
1601130,2020-12-16 00:06:04.572884+00,2020-12-16 00:06:04.572896+00,,,BATU RAJA TIMUR,,,1601,
1601131,2020-12-16 00:06:04.574998+00,2020-12-16 00:06:04.57501+00,,,LUBUK RAJA,,,1601,
1601140,2020-12-16 00:06:04.578023+00,2020-12-16 00:06:04.57804+00,,,BATU RAJA BARAT,,,1601,
1602010,2020-12-16 00:06:04.580953+00,2020-12-16 00:06:04.580968+00,,,LEMPUING,,,1602,
1602011,2020-12-16 00:06:04.583891+00,2020-12-16 00:06:04.583907+00,,,LEMPUING JAYA,,,1602,
1602020,2020-12-16 00:06:04.58714+00,2020-12-16 00:06:04.587154+00,,,MESUJI,,,1602,
1602021,2020-12-16 00:06:04.590055+00,2020-12-16 00:06:04.590069+00,,,SUNGAI MENANG,,,1602,
1602022,2020-12-16 00:06:04.592558+00,2020-12-16 00:06:04.592572+00,,,MESUJI MAKMUR,,,1602,
1602023,2020-12-16 00:06:04.594915+00,2020-12-16 00:06:04.594927+00,,,MESUJI RAYA,,,1602,
1602030,2020-12-16 00:06:04.597398+00,2020-12-16 00:06:04.59741+00,,,TULUNG SELAPAN,,,1602,
1602031,2020-12-16 00:06:04.599802+00,2020-12-16 00:06:04.599814+00,,,CENGAL,,,1602,
1602040,2020-12-16 00:06:04.602034+00,2020-12-16 00:06:04.602045+00,,,PEDAMARAN,,,1602,
1602041,2020-12-16 00:06:04.604257+00,2020-12-16 00:06:04.604269+00,,,PEDAMARAN TIMUR,,,1602,
1602050,2020-12-16 00:06:04.606534+00,2020-12-16 00:06:04.606547+00,,,TANJUNG LUBUK,,,1602,
1602051,2020-12-16 00:06:04.608505+00,2020-12-16 00:06:04.608525+00,,,TELUK GELAM,,,1602,
1602060,2020-12-16 00:06:04.610489+00,2020-12-16 00:06:04.610501+00,,,KOTA KAYU AGUNG,,,1602,
1602120,2020-12-16 00:06:04.612434+00,2020-12-16 00:06:04.612445+00,,,SIRAH PULAU PADANG,,,1602,
1602121,2020-12-16 00:06:04.614424+00,2020-12-16 00:06:04.614436+00,,,JEJAWI,,,1602,
1602130,2020-12-16 00:06:04.616452+00,2020-12-16 00:06:04.616464+00,,,PAMPANGAN,,,1602,
1602131,2020-12-16 00:06:04.618271+00,2020-12-16 00:06:04.618283+00,,,PANGKALAN LAPAM,,,1602,
1602140,2020-12-16 00:06:04.619955+00,2020-12-16 00:06:04.619967+00,,,AIR SUGIHAN,,,1602,
1603010,2020-12-16 00:06:04.622276+00,2020-12-16 00:06:04.622293+00,,,SEMENDO DARAT LAUT,,,1603,
1603011,2020-12-16 00:06:04.624613+00,2020-12-16 00:06:04.624626+00,,,SEMENDO DARAT ULU,,,1603,
1603012,2020-12-16 00:06:04.626866+00,2020-12-16 00:06:04.626879+00,,,SEMENDO DARAT TENGAH,,,1603,
1603020,2020-12-16 00:06:04.628906+00,2020-12-16 00:06:04.628919+00,,,TANJUNG AGUNG,,,1603,
1603031,2020-12-16 00:06:04.630872+00,2020-12-16 00:06:04.630884+00,,,RAMBANG,,,1603,
1603032,2020-12-16 00:06:04.6328+00,2020-12-16 00:06:04.632813+00,,,LUBAI,,,1603,
1603033,2020-12-16 00:06:04.634729+00,2020-12-16 00:06:04.634741+00,,,LUBAI ULU,,,1603,
1603040,2020-12-16 00:06:04.636684+00,2020-12-16 00:06:04.636695+00,,,LAWANG KIDUL,,,1603,
1603050,2020-12-16 00:06:04.638528+00,2020-12-16 00:06:04.638541+00,,,MUARA ENIM,,,1603,
1603051,2020-12-16 00:06:04.640221+00,2020-12-16 00:06:04.640233+00,,,UJAN MAS,,,1603,
1603060,2020-12-16 00:06:04.641889+00,2020-12-16 00:06:04.641901+00,,,GUNUNG MEGANG,,,1603,
1603061,2020-12-16 00:06:04.643612+00,2020-12-16 00:06:04.643624+00,,,BENAKAT,,,1603,
1603062,2020-12-16 00:06:04.645347+00,2020-12-16 00:06:04.645359+00,,,BELIMBING,,,1603,
1603070,2020-12-16 00:06:04.646998+00,2020-12-16 00:06:04.64701+00,,,RAMBANG DANGKU,,,1603,
1603090,2020-12-16 00:06:04.648662+00,2020-12-16 00:06:04.648673+00,,,GELUMBANG,,,1603,
1603091,2020-12-16 00:06:04.650296+00,2020-12-16 00:06:04.650308+00,,,LEMBAK,,,1603,
1603092,2020-12-16 00:06:04.651993+00,2020-12-16 00:06:04.652004+00,,,SUNGAI ROTAN,,,1603,
1603093,2020-12-16 00:06:04.654086+00,2020-12-16 00:06:04.654098+00,,,MUARA BELIDA,,,1603,
1603094,2020-12-16 00:06:04.656111+00,2020-12-16 00:06:04.656124+00,,,KELEKAR,,,1603,
1603095,2020-12-16 00:06:04.658257+00,2020-12-16 00:06:04.65827+00,,,BELIDA DARAT,,,1603,
1604011,2020-12-16 00:06:04.660094+00,2020-12-16 00:06:04.660107+00,,,TANJUNG SAKTI PUMI,,,1604,
1604012,2020-12-16 00:06:04.661927+00,2020-12-16 00:06:04.66194+00,,,TANJUNG SAKTI PUMU,,,1604,
1604040,2020-12-16 00:06:04.66365+00,2020-12-16 00:06:04.663662+00,,,KOTA AGUNG,,,1604,
1604041,2020-12-16 00:06:04.666543+00,2020-12-16 00:06:04.666582+00,,,MULAK ULU,,,1604,
1604042,2020-12-16 00:06:04.670082+00,2020-12-16 00:06:04.670121+00,,,TANJUNG TEBAT,,,1604,
1604050,2020-12-16 00:06:04.673827+00,2020-12-16 00:06:04.673865+00,,,PULAU PINANG,,,1604,
1604051,2020-12-16 00:06:04.677444+00,2020-12-16 00:06:04.677458+00,,,PAGAR GUNUNG,,,1604,
1604052,2020-12-16 00:06:04.680354+00,2020-12-16 00:06:04.680368+00,,,GUMAY ULU,,,1604,
1604060,2020-12-16 00:06:04.683119+00,2020-12-16 00:06:04.683134+00,,,JARAI,,,1604,
1604061,2020-12-16 00:06:04.685768+00,2020-12-16 00:06:04.685782+00,,,PAJAR BULAN,,,1604,
1604062,2020-12-16 00:06:04.688264+00,2020-12-16 00:06:04.688279+00,,,MUARA PAYANG,,,1604,
1604063,2020-12-16 00:06:04.690728+00,2020-12-16 00:06:04.690742+00,,,SUKAMERINDU,,,1604,
1604111,2020-12-16 00:06:04.693308+00,2020-12-16 00:06:04.693323+00,,,KIKIM BARAT,,,1604,
1604112,2020-12-16 00:06:04.695701+00,2020-12-16 00:06:04.695716+00,,,KIKIM TIMUR,,,1604,
1604113,2020-12-16 00:06:04.698059+00,2020-12-16 00:06:04.698072+00,,,KIKIM SELATAN,,,1604,
1604114,2020-12-16 00:06:04.700315+00,2020-12-16 00:06:04.700329+00,,,KIKIM TENGAH,,,1604,
1604120,2020-12-16 00:06:04.702924+00,2020-12-16 00:06:04.702938+00,,,LAHAT,,,1604,
1604121,2020-12-16 00:06:04.705565+00,2020-12-16 00:06:04.705579+00,,,GUMAY TALANG,,,1604,
1604122,2020-12-16 00:06:04.708595+00,2020-12-16 00:06:04.70861+00,,,PSEKSU,,,1604,
1604131,2020-12-16 00:06:04.711141+00,2020-12-16 00:06:04.711155+00,,,MERAPI BARAT,,,1604,
1604132,2020-12-16 00:06:04.713566+00,2020-12-16 00:06:04.71358+00,,,MERAPI TIMUR,,,1604,
1604133,2020-12-16 00:06:04.716044+00,2020-12-16 00:06:04.716059+00,,,MERAPI SELATAN,,,1604,
1605030,2020-12-16 00:06:04.718792+00,2020-12-16 00:06:04.718806+00,,,SUKU TENGAH LAKITAN ULU,,,1605,
1605031,2020-12-16 00:06:04.721419+00,2020-12-16 00:06:04.721433+00,,,SELANGIT,,,1605,
1605032,2020-12-16 00:06:04.723918+00,2020-12-16 00:06:04.723943+00,,,SUMBER HARTA,,,1605,
1605040,2020-12-16 00:06:04.72697+00,2020-12-16 00:06:04.726987+00,,,TUGUMULYO,,,1605,
1605041,2020-12-16 00:06:04.729622+00,2020-12-16 00:06:04.729636+00,,,PURWODADI,,,1605,
1605050,2020-12-16 00:06:04.73229+00,2020-12-16 00:06:04.732304+00,,,MUARA BELITI,,,1605,
1605051,2020-12-16 00:06:04.734677+00,2020-12-16 00:06:04.734692+00,,,TIANG PUMPUNG KEPUNGUT,,,1605,
1605060,2020-12-16 00:06:04.73707+00,2020-12-16 00:06:04.737083+00,,,JAYALOKA,,,1605,
1605061,2020-12-16 00:06:04.739462+00,2020-12-16 00:06:04.739486+00,,,SUKA KARYA,,,1605,
1605070,2020-12-16 00:06:04.7424+00,2020-12-16 00:06:04.742415+00,,,MUARA KELINGI,,,1605,
1605071,2020-12-16 00:06:04.745074+00,2020-12-16 00:06:04.745088+00,,,BULANG TENGAH SUKU ULU,,,1605,
1605072,2020-12-16 00:06:04.747971+00,2020-12-16 00:06:04.747986+00,,,TUAH NEGERI,,,1605,
1605080,2020-12-16 00:06:04.750606+00,2020-12-16 00:06:04.750619+00,,,MUARA LAKITAN,,,1605,
1605090,2020-12-16 00:06:04.753095+00,2020-12-16 00:06:04.753109+00,,,MEGANG SAKTI,,,1605,
1606010,2020-12-16 00:06:04.755643+00,2020-12-16 00:06:04.755657+00,,,SANGA DESA,,,1606,
1606020,2020-12-16 00:06:04.758184+00,2020-12-16 00:06:04.758199+00,,,BABAT TOMAN,,,1606,
1606021,2020-12-16 00:06:04.760721+00,2020-12-16 00:06:04.760735+00,,,BATANGHARI LEKO,,,1606,
1606022,2020-12-16 00:06:04.76319+00,2020-12-16 00:06:04.763217+00,,,PLAKAT TINGGI,,,1606,
1606023,2020-12-16 00:06:04.765606+00,2020-12-16 00:06:04.76562+00,,,LAWANG WETAN,,,1606,
1606030,2020-12-16 00:06:04.768305+00,2020-12-16 00:06:04.768319+00,,,SUNGAI KERUH,,,1606,
1606040,2020-12-16 00:06:04.770874+00,2020-12-16 00:06:04.770889+00,,,SEKAYU,,,1606,
1606041,2020-12-16 00:06:04.773534+00,2020-12-16 00:06:04.773548+00,,,LAIS,,,1606,
1606090,2020-12-16 00:06:04.776041+00,2020-12-16 00:06:04.776055+00,,,SUNGAI LILIN,,,1606,
1606091,2020-12-16 00:06:04.778359+00,2020-12-16 00:06:04.778372+00,,,KELUANG,,,1606,
1606092,2020-12-16 00:06:04.783696+00,2020-12-16 00:06:04.78372+00,,,BABAT SUPAT,,,1606,
1606100,2020-12-16 00:06:04.788733+00,2020-12-16 00:06:04.788757+00,,,BAYUNG LENCIR,,,1606,
1606101,2020-12-16 00:06:04.791818+00,2020-12-16 00:06:04.791853+00,,,LALAN,,,1606,
1606102,2020-12-16 00:06:04.795004+00,2020-12-16 00:06:04.795033+00,,,TUNGKAL JAYA,,,1606,
1607010,2020-12-16 00:06:04.798328+00,2020-12-16 00:06:04.798355+00,,,RANTAU BAYUR,,,1607,
1607020,2020-12-16 00:06:04.801606+00,2020-12-16 00:06:04.801633+00,,,BETUNG,,,1607,
1607021,2020-12-16 00:06:04.804959+00,2020-12-16 00:06:04.804986+00,,,SUAK TAPEH,,,1607,
1607030,2020-12-16 00:06:04.808086+00,2020-12-16 00:06:04.808109+00,,,PULAU RIMAU,,,1607,
1607031,2020-12-16 00:06:04.810937+00,2020-12-16 00:06:04.81096+00,,,TUNGKAL ILIR,,,1607,
1607040,2020-12-16 00:06:04.813834+00,2020-12-16 00:06:04.813858+00,,,BANYUASIN III,,,1607,
1607041,2020-12-16 00:06:04.816714+00,2020-12-16 00:06:04.816738+00,,,SEMBAWA,,,1607,
1607050,2020-12-16 00:06:04.819702+00,2020-12-16 00:06:04.819725+00,,,TALANG KELAPA,,,1607,
1607051,2020-12-16 00:06:04.822674+00,2020-12-16 00:06:04.822698+00,,,TANJUNG LAGO,,,1607,
1607060,2020-12-16 00:06:04.825893+00,2020-12-16 00:06:04.825916+00,,,BANYUASIN I,,,1607,
1607061,2020-12-16 00:06:04.829648+00,2020-12-16 00:06:04.829676+00,,,AIR KUMBANG,,,1607,
1607070,2020-12-16 00:06:04.832808+00,2020-12-16 00:06:04.832823+00,,,RAMBUTAN,,,1607,
1607080,2020-12-16 00:06:04.83556+00,2020-12-16 00:06:04.835575+00,,,MUARA PADANG,,,1607,
1607081,2020-12-16 00:06:04.838236+00,2020-12-16 00:06:04.83825+00,,,MUARA SUGIHAN,,,1607,
1607090,2020-12-16 00:06:04.840929+00,2020-12-16 00:06:04.840943+00,,,MAKARTI JAYA,,,1607,
1607091,2020-12-16 00:06:04.843403+00,2020-12-16 00:06:04.843417+00,,,AIR SALEH,,,1607,
1607100,2020-12-16 00:06:04.846012+00,2020-12-16 00:06:04.846026+00,,,BANYUASIN II,,,1607,
1607110,2020-12-16 00:06:04.848918+00,2020-12-16 00:06:04.848933+00,,,MUARA TELANG,,,1607,
1607111,2020-12-16 00:06:04.851756+00,2020-12-16 00:06:04.851771+00,,,SUMBER MARGA TELANG,,,1607,
1608010,2020-12-16 00:06:04.854477+00,2020-12-16 00:06:04.854491+00,,,MEKAKAU ILIR,,,1608,
1608020,2020-12-16 00:06:04.85736+00,2020-12-16 00:06:04.857395+00,,,BANDING AGUNG,,,1608,
1608021,2020-12-16 00:06:04.861406+00,2020-12-16 00:06:04.861445+00,,,WARKUK RANAU SELATAN,,,1608,
1608022,2020-12-16 00:06:04.865358+00,2020-12-16 00:06:04.865397+00,,,BUAY PEMATANG RIBU RANAU TENGAH,,,1608,
1608030,2020-12-16 00:06:04.869252+00,2020-12-16 00:06:04.86929+00,,,BUAY PEMACA,,,1608,
1608040,2020-12-16 00:06:04.871965+00,2020-12-16 00:06:04.871977+00,,,SIMPANG,,,1608,
1608041,2020-12-16 00:06:04.874031+00,2020-12-16 00:06:04.874042+00,,,BUANA PEMACA,,,1608,
1608050,2020-12-16 00:06:04.876397+00,2020-12-16 00:06:04.876409+00,,,MUARADUA,,,1608,
1608051,2020-12-16 00:06:04.878749+00,2020-12-16 00:06:04.878761+00,,,BUAY RAWAN,,,1608,
1608060,2020-12-16 00:06:04.881274+00,2020-12-16 00:06:04.881287+00,,,BUAY SANDANG AJI,,,1608,
1608061,2020-12-16 00:06:04.883668+00,2020-12-16 00:06:04.88368+00,,,TIGA DIHAJI,,,1608,
1608070,2020-12-16 00:06:04.886181+00,2020-12-16 00:06:04.886194+00,,,BUAY RUNJUNG,,,1608,
1608071,2020-12-16 00:06:04.888654+00,2020-12-16 00:06:04.888667+00,,,RUNJUNG AGUNG,,,1608,
1608080,2020-12-16 00:06:04.891082+00,2020-12-16 00:06:04.891096+00,,,KISAM TINGGI,,,1608,
1608090,2020-12-16 00:06:04.894983+00,2020-12-16 00:06:04.895033+00,,,MUARADUA KISAM,,,1608,
1608091,2020-12-16 00:06:04.899516+00,2020-12-16 00:06:04.899563+00,,,KISAM ILIR,,,1608,
1608100,2020-12-16 00:06:04.904094+00,2020-12-16 00:06:04.904141+00,,,PULAU BERINGIN,,,1608,
1608101,2020-12-16 00:06:04.907358+00,2020-12-16 00:06:04.907372+00,,,SINDANG DANAU,,,1608,
1608102,2020-12-16 00:06:04.9102+00,2020-12-16 00:06:04.910212+00,,,SUNGAI ARE,,,1608,
1609010,2020-12-16 00:06:04.912944+00,2020-12-16 00:06:04.912958+00,,,MARTAPURA,,,1609,
1609011,2020-12-16 00:06:04.915848+00,2020-12-16 00:06:04.915872+00,,,BUNGA MAYANG,,,1609,
1609012,2020-12-16 00:06:04.918908+00,2020-12-16 00:06:04.918931+00,,,JAYA PURA,,,1609,
1609020,2020-12-16 00:06:04.922019+00,2020-12-16 00:06:04.922042+00,,,BUAY PEMUKA PELIUNG,,,1609,
1609030,2020-12-16 00:06:04.925172+00,2020-12-16 00:06:04.925194+00,,,BUAY MADANG,,,1609,
1609031,2020-12-16 00:06:04.928338+00,2020-12-16 00:06:04.92836+00,,,BUAY MADANG TIMUR,,,1609,
1609032,2020-12-16 00:06:04.931549+00,2020-12-16 00:06:04.931575+00,,,BUAY PEMUKA BANGSA RAJA,,,1609,
1609040,2020-12-16 00:06:04.934614+00,2020-12-16 00:06:04.934636+00,,,MADANG SUKU II,,,1609,
1609041,2020-12-16 00:06:04.93743+00,2020-12-16 00:06:04.937451+00,,,MADANG SUKU III,,,1609,
1609050,2020-12-16 00:06:04.940125+00,2020-12-16 00:06:04.940146+00,,,MADANG SUKU I,,,1609,
1609051,2020-12-16 00:06:04.943443+00,2020-12-16 00:06:04.943467+00,,,BELITANG MADANG RAYA,,,1609,
1609060,2020-12-16 00:06:04.94674+00,2020-12-16 00:06:04.946764+00,,,BELITANG,,,1609,
1609061,2020-12-16 00:06:04.95003+00,2020-12-16 00:06:04.950055+00,,,BELITANG JAYA,,,1609,
1609070,2020-12-16 00:06:04.953286+00,2020-12-16 00:06:04.953311+00,,,BELITANG III,,,1609,
1609080,2020-12-16 00:06:04.956585+00,2020-12-16 00:06:04.95661+00,,,BELITANG II,,,1609,
1609081,2020-12-16 00:06:04.959893+00,2020-12-16 00:06:04.959917+00,,,BELITANG MULYA,,,1609,
1609090,2020-12-16 00:06:04.96294+00,2020-12-16 00:06:04.962964+00,,,SEMENDAWAI SUKU III,,,1609,
1609091,2020-12-16 00:06:04.966196+00,2020-12-16 00:06:04.966217+00,,,SEMENDAWAI TIMUR,,,1609,
1609100,2020-12-16 00:06:04.969961+00,2020-12-16 00:06:04.97+00,,,CEMPAKA,,,1609,
1609101,2020-12-16 00:06:04.973371+00,2020-12-16 00:06:04.973396+00,,,SEMENDAWAI BARAT,,,1609,
1610010,2020-12-16 00:06:04.976606+00,2020-12-16 00:06:04.976631+00,,,MUARA KUANG,,,1610,
1610011,2020-12-16 00:06:04.979648+00,2020-12-16 00:06:04.979674+00,,,RAMBANG KUANG,,,1610,
1610012,2020-12-16 00:06:04.982559+00,2020-12-16 00:06:04.982581+00,,,LUBUK KELIAT,,,1610,
1610020,2020-12-16 00:06:04.985489+00,2020-12-16 00:06:04.985511+00,,,TANJUNG BATU,,,1610,
1610021,2020-12-16 00:06:04.988489+00,2020-12-16 00:06:04.988512+00,,,PAYARAMAN,,,1610,
1610030,2020-12-16 00:06:04.991588+00,2020-12-16 00:06:04.991612+00,,,RANTAU ALAI,,,1610,
1610031,2020-12-16 00:06:04.995172+00,2020-12-16 00:06:04.995247+00,,,KANDIS,,,1610,
1610040,2020-12-16 00:06:04.998495+00,2020-12-16 00:06:04.998516+00,,,TANJUNG RAJA,,,1610,
1610041,2020-12-16 00:06:05.001739+00,2020-12-16 00:06:05.001769+00,,,RANTAU PANJANG,,,1610,
1610042,2020-12-16 00:06:05.005373+00,2020-12-16 00:06:05.005403+00,,,SUNGAI PINANG,,,1610,
1610050,2020-12-16 00:06:05.009721+00,2020-12-16 00:06:05.009767+00,,,PEMULUTAN,,,1610,
1610051,2020-12-16 00:06:05.013515+00,2020-12-16 00:06:05.013547+00,,,PEMULUTAN SELATAN,,,1610,
1610052,2020-12-16 00:06:05.017819+00,2020-12-16 00:06:05.017865+00,,,PEMULUTAN BARAT,,,1610,
1610060,2020-12-16 00:06:05.023711+00,2020-12-16 00:06:05.023758+00,,,INDRALAYA,,,1610,
1610061,2020-12-16 00:06:05.027894+00,2020-12-16 00:06:05.02791+00,,,INDRALAYA UTARA,,,1610,
1610062,2020-12-16 00:06:05.030705+00,2020-12-16 00:06:05.030719+00,,,INDRALAYA SELATAN,,,1610,
1611010,2020-12-16 00:06:05.033566+00,2020-12-16 00:06:05.033581+00,,,MUARA PINANG,,,1611,
1611020,2020-12-16 00:06:05.036731+00,2020-12-16 00:06:05.03675+00,,,LINTANG KANAN,,,1611,
1611030,2020-12-16 00:06:05.039912+00,2020-12-16 00:06:05.039926+00,,,PENDOPO,,,1611,
1611031,2020-12-16 00:06:05.042972+00,2020-12-16 00:06:05.042986+00,,,PENDOPO BARAT,,,1611,
1611040,2020-12-16 00:06:05.045691+00,2020-12-16 00:06:05.045706+00,,,PASEMAH AIR KERUH,,,1611,
1611050,2020-12-16 00:06:05.048414+00,2020-12-16 00:06:05.048428+00,,,ULU MUSI,,,1611,
1611051,2020-12-16 00:06:05.051019+00,2020-12-16 00:06:05.051033+00,,,SIKAP DALAM,,,1611,
1611060,2020-12-16 00:06:05.053467+00,2020-12-16 00:06:05.053481+00,,,TALANG PADANG,,,1611,
1611070,2020-12-16 00:06:05.056077+00,2020-12-16 00:06:05.056091+00,,,TEBING TINGGI,,,1611,
1611071,2020-12-16 00:06:05.058756+00,2020-12-16 00:06:05.058771+00,,,SALING,,,1611,
1612010,2020-12-16 00:06:05.061414+00,2020-12-16 00:06:05.061427+00,,,TALANG UBI,,,1612,
1612020,2020-12-16 00:06:05.063955+00,2020-12-16 00:06:05.063969+00,,,TANAH ABANG,,,1612,
1612030,2020-12-16 00:06:05.066729+00,2020-12-16 00:06:05.066743+00,,,ABAB,,,1612,
1612040,2020-12-16 00:06:05.069742+00,2020-12-16 00:06:05.069755+00,,,PENUKAL,,,1612,
1612050,2020-12-16 00:06:05.072976+00,2020-12-16 00:06:05.07299+00,,,PENUKAL UTARA,,,1612,
1613010,2020-12-16 00:06:05.075703+00,2020-12-16 00:06:05.075718+00,,,ULU RAWAS,,,1613,
1613020,2020-12-16 00:06:05.078327+00,2020-12-16 00:06:05.078341+00,,,KARANG JAYA,,,1613,
1613030,2020-12-16 00:06:05.08102+00,2020-12-16 00:06:05.081034+00,,,RAWAS ULU,,,1613,
1613040,2020-12-16 00:06:05.083932+00,2020-12-16 00:06:05.083946+00,,,RUPIT,,,1613,
1613050,2020-12-16 00:06:05.086624+00,2020-12-16 00:06:05.086639+00,,,KARANG DAPO,,,1613,
1613060,2020-12-16 00:06:05.089221+00,2020-12-16 00:06:05.089235+00,,,RAWAS ILIR,,,1613,
1613070,2020-12-16 00:06:05.091825+00,2020-12-16 00:06:05.091839+00,,,NIBUNG,,,1613,
1671010,2020-12-16 00:06:05.094519+00,2020-12-16 00:06:05.094534+00,,,ILIR BARAT II,,,1671,
1671011,2020-12-16 00:06:05.097123+00,2020-12-16 00:06:05.097137+00,,,GANDUS,,,1671,
1671020,2020-12-16 00:06:05.10093+00,2020-12-16 00:06:05.100977+00,,,SEBERANG ULU I,,,1671,
1671021,2020-12-16 00:06:05.105355+00,2020-12-16 00:06:05.105411+00,,,KERTAPATI,,,1671,
1671030,2020-12-16 00:06:05.109636+00,2020-12-16 00:06:05.109651+00,,,SEBERANG ULU II,,,1671,
1671031,2020-12-16 00:06:05.112271+00,2020-12-16 00:06:05.112285+00,,,PLAJU,,,1671,
1671040,2020-12-16 00:06:05.115056+00,2020-12-16 00:06:05.115071+00,,,ILIR BARAT I,,,1671,
1671041,2020-12-16 00:06:05.118218+00,2020-12-16 00:06:05.118233+00,,,BUKIT KECIL,,,1671,
1671050,2020-12-16 00:06:05.121657+00,2020-12-16 00:06:05.121681+00,,,ILIR TIMUR I,,,1671,
1671051,2020-12-16 00:06:05.124793+00,2020-12-16 00:06:05.124816+00,,,KEMUNING,,,1671,
1671060,2020-12-16 00:06:05.128024+00,2020-12-16 00:06:05.128048+00,,,ILIR TIMUR II,,,1671,
1671061,2020-12-16 00:06:05.131215+00,2020-12-16 00:06:05.131241+00,,,KALIDONI,,,1671,
1671070,2020-12-16 00:06:05.134309+00,2020-12-16 00:06:05.13433+00,,,SAKO,,,1671,
1671071,2020-12-16 00:06:05.137542+00,2020-12-16 00:06:05.137567+00,,,SEMATANG BORANG,,,1671,
1671080,2020-12-16 00:06:05.14105+00,2020-12-16 00:06:05.141076+00,,,SUKARAMI,,,1671,
1671081,2020-12-16 00:06:05.144668+00,2020-12-16 00:06:05.14469+00,,,ALANG ALANG LEBAR,,,1671,
1672010,2020-12-16 00:06:05.148062+00,2020-12-16 00:06:05.148085+00,,,RAMBANG KAPAK TENGAH,,,1672,
1672020,2020-12-16 00:06:05.151386+00,2020-12-16 00:06:05.151411+00,,,PRABUMULIH TIMUR,,,1672,
1672021,2020-12-16 00:06:05.154337+00,2020-12-16 00:06:05.154358+00,,,PRABUMULIH SELATAN,,,1672,
1672030,2020-12-16 00:06:05.157305+00,2020-12-16 00:06:05.157327+00,,,PRABUMULIH BARAT,,,1672,
1672031,2020-12-16 00:06:05.159951+00,2020-12-16 00:06:05.159972+00,,,PRABUMULIH UTARA,,,1672,
1672040,2020-12-16 00:06:05.162432+00,2020-12-16 00:06:05.162453+00,,,CAMBAI,,,1672,
1673010,2020-12-16 00:06:05.165366+00,2020-12-16 00:06:05.165389+00,,,DEMPO SELATAN,,,1673,
1673011,2020-12-16 00:06:05.168699+00,2020-12-16 00:06:05.168726+00,,,DEMPO TENGAH,,,1673,
1673020,2020-12-16 00:06:05.172011+00,2020-12-16 00:06:05.172036+00,,,DEMPO UTARA,,,1673,
1673030,2020-12-16 00:06:05.175243+00,2020-12-16 00:06:05.175272+00,,,PAGAR ALAM SELATAN,,,1673,
1673040,2020-12-16 00:06:05.178819+00,2020-12-16 00:06:05.178856+00,,,PAGAR ALAM UTARA,,,1673,
1674011,2020-12-16 00:06:05.182946+00,2020-12-16 00:06:05.182982+00,,,LUBUK LINGGAU BARAT I,,,1674,
1674012,2020-12-16 00:06:05.187118+00,2020-12-16 00:06:05.187142+00,,,LUBUK LINGGAU BARAT II,,,1674,
1674021,2020-12-16 00:06:05.190199+00,2020-12-16 00:06:05.190219+00,,,LUBUK LINGGAU SELATAN I,,,1674,
1674022,2020-12-16 00:06:05.193029+00,2020-12-16 00:06:05.19306+00,,,LUBUK LINGGAU SELATAN II,,,1674,
1674031,2020-12-16 00:06:05.196009+00,2020-12-16 00:06:05.196028+00,,,LUBUK LINGGAU TIMUR I,,,1674,
1674032,2020-12-16 00:06:05.199353+00,2020-12-16 00:06:05.199384+00,,,LUBUK LINGGAU TIMUR II,,,1674,
1674041,2020-12-16 00:06:05.202466+00,2020-12-16 00:06:05.202497+00,,,LUBUK LINGGAU UTARA I,,,1674,
1674042,2020-12-16 00:06:05.205544+00,2020-12-16 00:06:05.205575+00,,,LUBUK LINGGAU UTARA II,,,1674,
1701040,2020-12-16 00:06:05.20865+00,2020-12-16 00:06:05.208681+00,,,MANNA,,,1701,
1701041,2020-12-16 00:06:05.212018+00,2020-12-16 00:06:05.212048+00,,,KOTA MANNA,,,1701,
1701042,2020-12-16 00:06:05.215283+00,2020-12-16 00:06:05.215298+00,,,KEDURANG,,,1701,
1701043,2020-12-16 00:06:05.218197+00,2020-12-16 00:06:05.218212+00,,,BUNGA MAS,,,1701,
1701044,2020-12-16 00:06:05.220705+00,2020-12-16 00:06:05.22072+00,,,PASAR MANNA,,,1701,
1701045,2020-12-16 00:06:05.223582+00,2020-12-16 00:06:05.223596+00,,,KEDURANG ILIR,,,1701,
1701050,2020-12-16 00:06:05.226262+00,2020-12-16 00:06:05.226276+00,,,SEGINIM,,,1701,
1701051,2020-12-16 00:06:05.228843+00,2020-12-16 00:06:05.228857+00,,,AIR NIPIS,,,1701,
1701060,2020-12-16 00:06:05.231379+00,2020-12-16 00:06:05.231393+00,,,PINO,,,1701,
1701061,2020-12-16 00:06:05.233723+00,2020-12-16 00:06:05.233737+00,,,PINORAYA,,,1701,
1701062,2020-12-16 00:06:05.236136+00,2020-12-16 00:06:05.236151+00,,,ULU MANNA,,,1701,
1702020,2020-12-16 00:06:05.238439+00,2020-12-16 00:06:05.238453+00,,,KOTA PADANG,,,1702,
1702021,2020-12-16 00:06:05.240765+00,2020-12-16 00:06:05.24078+00,,,SINDANG BELITI ILIR,,,1702,
1702030,2020-12-16 00:06:05.244057+00,2020-12-16 00:06:05.244085+00,,,PADANG ULAK TANDING,,,1702,
1702031,2020-12-16 00:06:05.247152+00,2020-12-16 00:06:05.247168+00,,,SINDANG KELINGI,,,1702,
1702032,2020-12-16 00:06:05.2497+00,2020-12-16 00:06:05.249715+00,,,BINDU RIANG,,,1702,
1702033,2020-12-16 00:06:05.252093+00,2020-12-16 00:06:05.252107+00,,,SINDANG BELITI ULU,,,1702,
1702034,2020-12-16 00:06:05.254378+00,2020-12-16 00:06:05.254391+00,,,SINDANG DATARAN,,,1702,
1702040,2020-12-16 00:06:05.2568+00,2020-12-16 00:06:05.256814+00,,,CURUP,,,1702,
1702041,2020-12-16 00:06:05.259291+00,2020-12-16 00:06:05.259305+00,,,BERMANI ULU,,,1702,
1702042,2020-12-16 00:06:05.261664+00,2020-12-16 00:06:05.261679+00,,,SELUPU REJANG,,,1702,
1702043,2020-12-16 00:06:05.264025+00,2020-12-16 00:06:05.264039+00,,,CURUP SELATAN,,,1702,
1702044,2020-12-16 00:06:05.266679+00,2020-12-16 00:06:05.266693+00,,,CURUP TENGAH,,,1702,
1702045,2020-12-16 00:06:05.269458+00,2020-12-16 00:06:05.269473+00,,,BERMANI ULU RAYA,,,1702,
1702046,2020-12-16 00:06:05.272266+00,2020-12-16 00:06:05.272281+00,,,CURUP UTARA,,,1702,
1702047,2020-12-16 00:06:05.275128+00,2020-12-16 00:06:05.27516+00,,,CURUP TIMUR,,,1702,
1703010,2020-12-16 00:06:05.278246+00,2020-12-16 00:06:05.278277+00,,,ENGGANO,,,1703,
1703050,2020-12-16 00:06:05.28124+00,2020-12-16 00:06:05.281271+00,,,KERKAP,,,1703,
1703051,2020-12-16 00:06:05.284326+00,2020-12-16 00:06:05.284356+00,,,AIR NAPAL,,,1703,
1703052,2020-12-16 00:06:05.28738+00,2020-12-16 00:06:05.287393+00,,,AIR BESI,,,1703,
1703053,2020-12-16 00:06:05.289707+00,2020-12-16 00:06:05.28972+00,,,HULU PALIK,,,1703,
1703054,2020-12-16 00:06:05.292006+00,2020-12-16 00:06:05.292018+00,,,TANJUNG AGUNG PALIK,,,1703,
1703060,2020-12-16 00:06:05.294219+00,2020-12-16 00:06:05.294232+00,,,ARGA MAKMUR,,,1703,
1703061,2020-12-16 00:06:05.296386+00,2020-12-16 00:06:05.296398+00,,,ARMA JAYA,,,1703,
1703070,2020-12-16 00:06:05.298453+00,2020-12-16 00:06:05.298465+00,,,LAIS,,,1703,
1703071,2020-12-16 00:06:05.300624+00,2020-12-16 00:06:05.300636+00,,,BATIK NAU,,,1703,
1703072,2020-12-16 00:06:05.302736+00,2020-12-16 00:06:05.302747+00,,,GIRI MULYA,,,1703,
1703073,2020-12-16 00:06:05.30548+00,2020-12-16 00:06:05.305493+00,,,AIR PADANG,,,1703,
1703080,2020-12-16 00:06:05.30802+00,2020-12-16 00:06:05.308034+00,,,PADANG JAYA,,,1703,
1703090,2020-12-16 00:06:05.310218+00,2020-12-16 00:06:05.31023+00,,,KETAHUN,,,1703,
1703091,2020-12-16 00:06:05.312332+00,2020-12-16 00:06:05.312343+00,,,NAPAL PUTIH,,,1703,
1703092,2020-12-16 00:06:05.314609+00,2020-12-16 00:06:05.314622+00,,,ULOK KUPAI,,,1703,
1703093,2020-12-16 00:06:05.317024+00,2020-12-16 00:06:05.317037+00,,,PINANG RAYA,,,1703,
1703100,2020-12-16 00:06:05.319403+00,2020-12-16 00:06:05.319418+00,,,PUTRI HIJAU,,,1703,
1703101,2020-12-16 00:06:05.321762+00,2020-12-16 00:06:05.321775+00,,,MARGA SAKTI SEBELAT,,,1703,
1704010,2020-12-16 00:06:05.325409+00,2020-12-16 00:06:05.325453+00,,,NASAL,,,1704,
1704020,2020-12-16 00:06:05.329212+00,2020-12-16 00:06:05.329255+00,,,MAJE,,,1704,
1704030,2020-12-16 00:06:05.332889+00,2020-12-16 00:06:05.332932+00,,,KAUR SELATAN,,,1704,
1704031,2020-12-16 00:06:05.336244+00,2020-12-16 00:06:05.33626+00,,,TETAP,,,1704,
1704040,2020-12-16 00:06:05.338746+00,2020-12-16 00:06:05.33876+00,,,KAUR TENGAH,,,1704,
1704041,2020-12-16 00:06:05.342354+00,2020-12-16 00:06:05.342401+00,,,LUAS,,,1704,
1704042,2020-12-16 00:06:05.346143+00,2020-12-16 00:06:05.346176+00,,,MUARA SAHUNG,,,1704,
1704050,2020-12-16 00:06:05.350363+00,2020-12-16 00:06:05.350394+00,,,KINAL,,,1704,
1704051,2020-12-16 00:06:05.354162+00,2020-12-16 00:06:05.35419+00,,,SEMIDANG GUMAY,,,1704,
1704060,2020-12-16 00:06:05.357722+00,2020-12-16 00:06:05.35775+00,,,TANJUNG KEMUNING,,,1704,
1704061,2020-12-16 00:06:05.360352+00,2020-12-16 00:06:05.360368+00,,,KELAM TENGAH,,,1704,
1704070,2020-12-16 00:06:05.362764+00,2020-12-16 00:06:05.362809+00,,,KAUR UTARA,,,1704,
1704071,2020-12-16 00:06:05.366379+00,2020-12-16 00:06:05.366407+00,,,PADANG GUCI HILIR,,,1704,
1704072,2020-12-16 00:06:05.369454+00,2020-12-16 00:06:05.369481+00,,,LUNGKANG KULE,,,1704,
1704073,2020-12-16 00:06:05.372526+00,2020-12-16 00:06:05.372549+00,,,PADANG GUCI HULU,,,1704,
1705010,2020-12-16 00:06:05.375402+00,2020-12-16 00:06:05.375424+00,,,SEMIDANG ALAS MARAS,,,1705,
1705020,2020-12-16 00:06:05.378444+00,2020-12-16 00:06:05.378467+00,,,SEMIDANG ALAS,,,1705,
1705030,2020-12-16 00:06:05.381229+00,2020-12-16 00:06:05.381252+00,,,TALO,,,1705,
1705031,2020-12-16 00:06:05.383789+00,2020-12-16 00:06:05.383804+00,,,ILIR TALO,,,1705,
1705032,2020-12-16 00:06:05.386321+00,2020-12-16 00:06:05.386335+00,,,TALO KECIL,,,1705,
1705033,2020-12-16 00:06:05.388975+00,2020-12-16 00:06:05.388989+00,,,ULU TALO,,,1705,
1705040,2020-12-16 00:06:05.3918+00,2020-12-16 00:06:05.391814+00,,,SELUMA,,,1705,
1705041,2020-12-16 00:06:05.394835+00,2020-12-16 00:06:05.39485+00,,,SELUMA SELATAN,,,1705,
1705042,2020-12-16 00:06:05.39791+00,2020-12-16 00:06:05.397924+00,,,SELUMA BARAT,,,1705,
1705043,2020-12-16 00:06:05.400937+00,2020-12-16 00:06:05.400952+00,,,SELUMA TIMUR,,,1705,
1705044,2020-12-16 00:06:05.403781+00,2020-12-16 00:06:05.403803+00,,,SELUMA UTARA,,,1705,
1705050,2020-12-16 00:06:05.406581+00,2020-12-16 00:06:05.406604+00,,,SUKARAJA,,,1705,
1705051,2020-12-16 00:06:05.409252+00,2020-12-16 00:06:05.409274+00,,,AIR PERIUKAN,,,1705,
1705052,2020-12-16 00:06:05.411873+00,2020-12-16 00:06:05.411895+00,,,LUBUK SANDI,,,1705,
1706010,2020-12-16 00:06:05.414494+00,2020-12-16 00:06:05.414516+00,,,IPUH,,,1706,
1706011,2020-12-16 00:06:05.417354+00,2020-12-16 00:06:05.417377+00,,,AIR RAMI,,,1706,
1706012,2020-12-16 00:06:05.420193+00,2020-12-16 00:06:05.420216+00,,,MALIN DEMAN,,,1706,
1706020,2020-12-16 00:06:05.42322+00,2020-12-16 00:06:05.42325+00,,,PONDOK SUGUH,,,1706,
1706021,2020-12-16 00:06:05.426099+00,2020-12-16 00:06:05.426123+00,,,SUNGAI RUMBAI,,,1706,
1706022,2020-12-16 00:06:05.429014+00,2020-12-16 00:06:05.429037+00,,,TERAMANG JAYA,,,1706,
1706030,2020-12-16 00:06:05.431907+00,2020-12-16 00:06:05.431931+00,,,TERAS TERUNJAM,,,1706,
1706031,2020-12-16 00:06:05.434787+00,2020-12-16 00:06:05.434811+00,,,PENARIK,,,1706,
1706032,2020-12-16 00:06:05.437695+00,2020-12-16 00:06:05.437719+00,,,SELAGAN RAYA,,,1706,
1706040,2020-12-16 00:06:05.440667+00,2020-12-16 00:06:05.44069+00,,,KOTA MUKOMUKO,,,1706,
1706041,2020-12-16 00:06:05.443578+00,2020-12-16 00:06:05.443601+00,,,AIR DIKIT,,,1706,
1706042,2020-12-16 00:06:05.446531+00,2020-12-16 00:06:05.446554+00,,,XIV KOTO,,,1706,
1706050,2020-12-16 00:06:05.449656+00,2020-12-16 00:06:05.449699+00,,,LUBUK PINANG,,,1706,
1706051,2020-12-16 00:06:05.453846+00,2020-12-16 00:06:05.453888+00,,,AIR MANJUNTO,,,1706,
1706052,2020-12-16 00:06:05.457781+00,2020-12-16 00:06:05.457821+00,,,V KOTO,,,1706,
1707010,2020-12-16 00:06:05.461424+00,2020-12-16 00:06:05.461439+00,,,RIMBO PENGADANG,,,1707,
1707011,2020-12-16 00:06:05.464033+00,2020-12-16 00:06:05.464048+00,,,TOPOS,,,1707,
1707020,2020-12-16 00:06:05.466505+00,2020-12-16 00:06:05.466521+00,,,LEBONG SELATAN,,,1707,
1707021,2020-12-16 00:06:05.46936+00,2020-12-16 00:06:05.469375+00,,,BINGIN KUNING,,,1707,
1707030,2020-12-16 00:06:05.472566+00,2020-12-16 00:06:05.472582+00,,,LEBONG TENGAH,,,1707,
1707031,2020-12-16 00:06:05.475765+00,2020-12-16 00:06:05.47578+00,,,LEBONG SAKTI,,,1707,
1707040,2020-12-16 00:06:05.47901+00,2020-12-16 00:06:05.479025+00,,,LEBONG ATAS,,,1707,
1707041,2020-12-16 00:06:05.482067+00,2020-12-16 00:06:05.482081+00,,,PADANG BANO,,,1707,
1707042,2020-12-16 00:06:05.484805+00,2020-12-16 00:06:05.484819+00,,,PELABAI,,,1707,
1707050,2020-12-16 00:06:05.487794+00,2020-12-16 00:06:05.487809+00,,,LEBONG UTARA,,,1707,
1707051,2020-12-16 00:06:05.490618+00,2020-12-16 00:06:05.490632+00,,,AMEN,,,1707,
1707052,2020-12-16 00:06:05.493374+00,2020-12-16 00:06:05.493388+00,,,URAM JAYA,,,1707,
1707053,2020-12-16 00:06:05.49605+00,2020-12-16 00:06:05.496065+00,,,PINANG BELAPIS,,,1707,
1708010,2020-12-16 00:06:05.498724+00,2020-12-16 00:06:05.498739+00,,,MUARA KEMUMU,,,1708,
1708020,2020-12-16 00:06:05.501396+00,2020-12-16 00:06:05.501411+00,,,BERMANI ILIR,,,1708,
1708030,2020-12-16 00:06:05.504061+00,2020-12-16 00:06:05.504075+00,,,SEBERANG MUSI,,,1708,
1708040,2020-12-16 00:06:05.506665+00,2020-12-16 00:06:05.50668+00,,,TEBAT KARAI,,,1708,
1708050,2020-12-16 00:06:05.50949+00,2020-12-16 00:06:05.509505+00,,,KEPAHIANG,,,1708,
1708060,2020-12-16 00:06:05.512169+00,2020-12-16 00:06:05.512184+00,,,KABA WETAN,,,1708,
1708070,2020-12-16 00:06:05.514671+00,2020-12-16 00:06:05.514686+00,,,UJAN MAS,,,1708,
1708080,2020-12-16 00:06:05.517115+00,2020-12-16 00:06:05.517131+00,,,MERIGI,,,1708,
1709010,2020-12-16 00:06:05.520045+00,2020-12-16 00:06:05.52006+00,,,TALANG EMPAT,,,1709,
1709020,2020-12-16 00:06:05.523099+00,2020-12-16 00:06:05.523113+00,,,KARANG TINGGI,,,1709,
1709030,2020-12-16 00:06:05.525987+00,2020-12-16 00:06:05.526002+00,,,TABA PENANJUNG,,,1709,
1709031,2020-12-16 00:06:05.528812+00,2020-12-16 00:06:05.528827+00,,,MERIGI KELINDANG,,,1709,
1709040,2020-12-16 00:06:05.531652+00,2020-12-16 00:06:05.531668+00,,,PAGAR JATI,,,1709,
1709041,2020-12-16 00:06:05.534466+00,2020-12-16 00:06:05.534481+00,,,MERIGI SAKTI,,,1709,
1709050,2020-12-16 00:06:05.537245+00,2020-12-16 00:06:05.53726+00,,,PONDOK KELAPA,,,1709,
1709051,2020-12-16 00:06:05.540177+00,2020-12-16 00:06:05.540192+00,,,PONDOK KUBANG,,,1709,
1709060,2020-12-16 00:06:05.542688+00,2020-12-16 00:06:05.542702+00,,,PEMATANG TIGA,,,1709,
1709061,2020-12-16 00:06:05.545822+00,2020-12-16 00:06:05.545837+00,,,BANG HAJI,,,1709,
1771010,2020-12-16 00:06:05.549028+00,2020-12-16 00:06:05.549052+00,,,SELEBAR,,,1771,
1771011,2020-12-16 00:06:05.552414+00,2020-12-16 00:06:05.552437+00,,,KAMPUNG MELAYU,,,1771,
1771020,2020-12-16 00:06:05.555782+00,2020-12-16 00:06:05.555806+00,,,GADING CEMPAKA,,,1771,
1771021,2020-12-16 00:06:05.559374+00,2020-12-16 00:06:05.5594+00,,,RATU AGUNG,,,1771,
1771022,2020-12-16 00:06:05.562773+00,2020-12-16 00:06:05.562798+00,,,RATU SAMBAN,,,1771,
1771023,2020-12-16 00:06:05.566161+00,2020-12-16 00:06:05.566184+00,,,SINGARAN PATI,,,1771,
1771030,2020-12-16 00:06:05.569416+00,2020-12-16 00:06:05.56944+00,,,TELUK SEGARA,,,1771,
1771031,2020-12-16 00:06:05.573037+00,2020-12-16 00:06:05.573062+00,,,SUNGAI SERUT,,,1771,
1771040,2020-12-16 00:06:05.57664+00,2020-12-16 00:06:05.576665+00,,,MUARA BANGKA HULU,,,1771,
1801040,2020-12-16 00:06:05.580186+00,2020-12-16 00:06:05.580212+00,,,BALIK BUKIT,,,1801,
1801041,2020-12-16 00:06:05.583576+00,2020-12-16 00:06:05.583601+00,,,SUKAU,,,1801,
1801042,2020-12-16 00:06:05.586792+00,2020-12-16 00:06:05.586817+00,,,LUMBOK SEMINUNG,,,1801,
1801050,2020-12-16 00:06:05.590115+00,2020-12-16 00:06:05.590141+00,,,BELALAU,,,1801,
1801051,2020-12-16 00:06:05.593241+00,2020-12-16 00:06:05.593266+00,,,SEKINCAU,,,1801,
1801052,2020-12-16 00:06:05.597163+00,2020-12-16 00:06:05.597188+00,,,SUOH,,,1801,
1801053,2020-12-16 00:06:05.600252+00,2020-12-16 00:06:05.600276+00,,,BATU BRAK,,,1801,
1801054,2020-12-16 00:06:05.603289+00,2020-12-16 00:06:05.603313+00,,,PAGAR DEWA,,,1801,
1801055,2020-12-16 00:06:05.606408+00,2020-12-16 00:06:05.606433+00,,,BATU KETULIS,,,1801,
1801056,2020-12-16 00:06:05.609711+00,2020-12-16 00:06:05.609735+00,,,BANDAR NEGERI SUOH,,,1801,
1801060,2020-12-16 00:06:05.613125+00,2020-12-16 00:06:05.61315+00,,,SUMBER JAYA,,,1801,
1801061,2020-12-16 00:06:05.616753+00,2020-12-16 00:06:05.616777+00,,,WAY TENONG,,,1801,
1801062,2020-12-16 00:06:05.620234+00,2020-12-16 00:06:05.62026+00,,,GEDUNG SURIAN,,,1801,
1801063,2020-12-16 00:06:05.62382+00,2020-12-16 00:06:05.623846+00,,,KEBUN TEBU,,,1801,
1801064,2020-12-16 00:06:05.627379+00,2020-12-16 00:06:05.627405+00,,,AIR HITAM,,,1801,
1802010,2020-12-16 00:06:05.630909+00,2020-12-16 00:06:05.630936+00,,,WONOSOBO,,,1802,
1802011,2020-12-16 00:06:05.634462+00,2020-12-16 00:06:05.634488+00,,,SEMAKA,,,1802,
1802012,2020-12-16 00:06:05.637729+00,2020-12-16 00:06:05.637754+00,,,BANDAR NEGERI SEMUONG,,,1802,
1802020,2020-12-16 00:06:05.640983+00,2020-12-16 00:06:05.641008+00,,,KOTA AGUNG,,,1802,
1802021,2020-12-16 00:06:05.644082+00,2020-12-16 00:06:05.644106+00,,,PEMATANG SAWA,,,1802,
1802022,2020-12-16 00:06:05.647625+00,2020-12-16 00:06:05.647651+00,,,KOTA AGUNG TIMUR,,,1802,
1802023,2020-12-16 00:06:05.65116+00,2020-12-16 00:06:05.651186+00,,,KOTA AGUNG BARAT,,,1802,
1802030,2020-12-16 00:06:05.65441+00,2020-12-16 00:06:05.654434+00,,,PULAU PANGGUNG,,,1802,
1802031,2020-12-16 00:06:05.657566+00,2020-12-16 00:06:05.65759+00,,,ULUBELU,,,1802,
1802032,2020-12-16 00:06:05.66135+00,2020-12-16 00:06:05.661378+00,,,AIR NANINGAN,,,1802,
1802040,2020-12-16 00:06:05.664974+00,2020-12-16 00:06:05.664999+00,,,TALANG PADANG,,,1802,
1802041,2020-12-16 00:06:05.668385+00,2020-12-16 00:06:05.66841+00,,,SUMBEREJO,,,1802,
1802042,2020-12-16 00:06:05.672139+00,2020-12-16 00:06:05.672164+00,,,GISTING,,,1802,
1802043,2020-12-16 00:06:05.675497+00,2020-12-16 00:06:05.675523+00,,,GUNUNG ALIP,,,1802,
1802050,2020-12-16 00:06:05.678733+00,2020-12-16 00:06:05.678759+00,,,PUGUNG,,,1802,
1802101,2020-12-16 00:06:05.682102+00,2020-12-16 00:06:05.682128+00,,,BULOK,,,1802,
1802110,2020-12-16 00:06:05.685325+00,2020-12-16 00:06:05.68535+00,,,CUKUH BALAK,,,1802,
1802111,2020-12-16 00:06:05.688328+00,2020-12-16 00:06:05.688352+00,,,KELUMBAYAN,,,1802,
1802112,2020-12-16 00:06:05.691729+00,2020-12-16 00:06:05.691754+00,,,LIMAU,,,1802,
1802113,2020-12-16 00:06:05.694707+00,2020-12-16 00:06:05.694732+00,,,KELUMBAYAN BARAT,,,1802,
1803060,2020-12-16 00:06:05.698003+00,2020-12-16 00:06:05.698057+00,,,NATAR,,,1803,
1803070,2020-12-16 00:06:05.702613+00,2020-12-16 00:06:05.702647+00,,,JATI AGUNG,,,1803,
1803080,2020-12-16 00:06:05.706248+00,2020-12-16 00:06:05.706291+00,,,TANJUNG BINTANG,,,1803,
1803081,2020-12-16 00:06:05.710388+00,2020-12-16 00:06:05.710422+00,,,TANJUNG SARI,,,1803,
1803090,2020-12-16 00:06:05.714381+00,2020-12-16 00:06:05.714398+00,,,KATIBUNG,,,1803,
1803091,2020-12-16 00:06:05.717434+00,2020-12-16 00:06:05.717449+00,,,MERBAU MATARAM,,,1803,
1803092,2020-12-16 00:06:05.720293+00,2020-12-16 00:06:05.720308+00,,,WAY SULAN,,,1803,
1803100,2020-12-16 00:06:05.723236+00,2020-12-16 00:06:05.723253+00,,,SIDOMULYO,,,1803,
1803101,2020-12-16 00:06:05.726112+00,2020-12-16 00:06:05.726128+00,,,CANDIPURO,,,1803,
1803102,2020-12-16 00:06:05.728918+00,2020-12-16 00:06:05.728933+00,,,WAY PANJI,,,1803,
1803110,2020-12-16 00:06:05.731747+00,2020-12-16 00:06:05.731762+00,,,KALIANDA,,,1803,
1803111,2020-12-16 00:06:05.734582+00,2020-12-16 00:06:05.734597+00,,,RAJABASA,,,1803,
1803120,2020-12-16 00:06:05.737441+00,2020-12-16 00:06:05.737454+00,,,PALAS,,,1803,
1803121,2020-12-16 00:06:05.740445+00,2020-12-16 00:06:05.740474+00,,,SRAGI,,,1803,
1803130,2020-12-16 00:06:05.743478+00,2020-12-16 00:06:05.743518+00,,,PENENGAHAN,,,1803,
1803131,2020-12-16 00:06:05.746448+00,2020-12-16 00:06:05.746474+00,,,KETAPANG,,,1803,
1803132,2020-12-16 00:06:05.749391+00,2020-12-16 00:06:05.749417+00,,,BAKAUHENI,,,1803,
1804010,2020-12-16 00:06:05.75263+00,2020-12-16 00:06:05.752656+00,,,METRO KIBANG,,,1804,
1804020,2020-12-16 00:06:05.7557+00,2020-12-16 00:06:05.755725+00,,,BATANGHARI,,,1804,
1804030,2020-12-16 00:06:05.758516+00,2020-12-16 00:06:05.758538+00,,,SEKAMPUNG,,,1804,
1804040,2020-12-16 00:06:05.761273+00,2020-12-16 00:06:05.761296+00,,,MARGATIGA,,,1804,
1804050,2020-12-16 00:06:05.76501+00,2020-12-16 00:06:05.765049+00,,,SEKAMPUNG UDIK,,,1804,
1804060,2020-12-16 00:06:05.768617+00,2020-12-16 00:06:05.768643+00,,,JABUNG,,,1804,
1804061,2020-12-16 00:06:05.77191+00,2020-12-16 00:06:05.771934+00,,,PASIR SAKTI,,,1804,
1804062,2020-12-16 00:06:05.774944+00,2020-12-16 00:06:05.774967+00,,,WAWAY KARYA,,,1804,
1804063,2020-12-16 00:06:05.77788+00,2020-12-16 00:06:05.777895+00,,,MARGA SEKAMPUNG,,,1804,
1804070,2020-12-16 00:06:05.780862+00,2020-12-16 00:06:05.780879+00,,,LABUHAN MARINGGAI,,,1804,
1804071,2020-12-16 00:06:05.783594+00,2020-12-16 00:06:05.783609+00,,,MATARAM BARU,,,1804,
1804072,2020-12-16 00:06:05.786442+00,2020-12-16 00:06:05.786459+00,,,BANDAR SRIBAWONO,,,1804,
1804073,2020-12-16 00:06:05.789132+00,2020-12-16 00:06:05.789147+00,,,MELINTING,,,1804,
1804074,2020-12-16 00:06:05.791652+00,2020-12-16 00:06:05.791667+00,,,GUNUNG PELINDUNG,,,1804,
1804080,2020-12-16 00:06:05.794029+00,2020-12-16 00:06:05.794044+00,,,WAY JEPARA,,,1804,
1804081,2020-12-16 00:06:05.7964+00,2020-12-16 00:06:05.796416+00,,,BRAJA SLEBAH,,,1804,
1804082,2020-12-16 00:06:05.798932+00,2020-12-16 00:06:05.798947+00,,,LABUHAN RATU,,,1804,
1804090,2020-12-16 00:06:05.801341+00,2020-12-16 00:06:05.801355+00,,,SUKADANA,,,1804,
1804091,2020-12-16 00:06:05.803729+00,2020-12-16 00:06:05.803743+00,,,BUMI AGUNG,,,1804,
1804092,2020-12-16 00:06:05.806237+00,2020-12-16 00:06:05.806252+00,,,BATANGHARI NUBAN,,,1804,
1804100,2020-12-16 00:06:05.808695+00,2020-12-16 00:06:05.808709+00,,,PEKALONGAN,,,1804,
1804110,2020-12-16 00:06:05.811109+00,2020-12-16 00:06:05.811123+00,,,RAMAN UTARA,,,1804,
1804120,2020-12-16 00:06:05.813621+00,2020-12-16 00:06:05.813635+00,,,PURBOLINGGO,,,1804,
1804121,2020-12-16 00:06:05.815916+00,2020-12-16 00:06:05.815931+00,,,WAY BUNGUR,,,1804,
1805010,2020-12-16 00:06:05.818708+00,2020-12-16 00:06:05.818723+00,,,PADANG RATU,,,1805,
1805011,2020-12-16 00:06:05.821455+00,2020-12-16 00:06:05.82147+00,,,SELAGAI LINGGA,,,1805,
1805012,2020-12-16 00:06:05.823892+00,2020-12-16 00:06:05.823907+00,,,PUBIAN,,,1805,
1805013,2020-12-16 00:06:05.826464+00,2020-12-16 00:06:05.826479+00,,,ANAK TUHA,,,1805,
1805014,2020-12-16 00:06:05.829198+00,2020-12-16 00:06:05.829214+00,,,ANAK RATU AJI,,,1805,
1805020,2020-12-16 00:06:05.831639+00,2020-12-16 00:06:05.831654+00,,,KALIREJO,,,1805,
1805021,2020-12-16 00:06:05.834432+00,2020-12-16 00:06:05.834447+00,,,SENDANG AGUNG,,,1805,
1805030,2020-12-16 00:06:05.83721+00,2020-12-16 00:06:05.837225+00,,,BANGUNREJO,,,1805,
1805040,2020-12-16 00:06:05.840144+00,2020-12-16 00:06:05.840159+00,,,GUNUNG SUGIH,,,1805,
1805041,2020-12-16 00:06:05.842886+00,2020-12-16 00:06:05.842901+00,,,BEKRI,,,1805,
1805042,2020-12-16 00:06:05.845771+00,2020-12-16 00:06:05.845786+00,,,BUMI RATU NUBAN,,,1805,
1805050,2020-12-16 00:06:05.848715+00,2020-12-16 00:06:05.848729+00,,,TRIMURJO,,,1805,
1805060,2020-12-16 00:06:05.851482+00,2020-12-16 00:06:05.851497+00,,,PUNGGUR,,,1805,
1805061,2020-12-16 00:06:05.85413+00,2020-12-16 00:06:05.854144+00,,,KOTA GAJAH,,,1805,
1805070,2020-12-16 00:06:05.856611+00,2020-12-16 00:06:05.856625+00,,,SEPUTIH RAMAN,,,1805,
1805080,2020-12-16 00:06:05.859494+00,2020-12-16 00:06:05.859509+00,,,TERBANGGI BESAR,,,1805,
1805081,2020-12-16 00:06:05.862025+00,2020-12-16 00:06:05.862039+00,,,SEPUTIH AGUNG,,,1805,
1805082,2020-12-16 00:06:05.864645+00,2020-12-16 00:06:05.86466+00,,,WAY PENGUBUAN,,,1805,
1805090,2020-12-16 00:06:05.867468+00,2020-12-16 00:06:05.867497+00,,,TERUSAN NUNYAI,,,1805,
1805100,2020-12-16 00:06:05.870569+00,2020-12-16 00:06:05.870585+00,,,SEPUTIH MATARAM,,,1805,
1805101,2020-12-16 00:06:05.873381+00,2020-12-16 00:06:05.873396+00,,,BANDAR MATARAM,,,1805,
1805110,2020-12-16 00:06:05.875747+00,2020-12-16 00:06:05.875761+00,,,SEPUTIH BANYAK,,,1805,
1805111,2020-12-16 00:06:05.878115+00,2020-12-16 00:06:05.878129+00,,,WAY SEPUTIH,,,1805,
1805120,2020-12-16 00:06:05.880268+00,2020-12-16 00:06:05.880282+00,,,RUMBIA,,,1805,
1805121,2020-12-16 00:06:05.882247+00,2020-12-16 00:06:05.882261+00,,,BUMI NABUNG,,,1805,
1805122,2020-12-16 00:06:05.884182+00,2020-12-16 00:06:05.884196+00,,,PUTRA RUMBIA,,,1805,
1805130,2020-12-16 00:06:05.886149+00,2020-12-16 00:06:05.886163+00,,,SEPUTIH SURABAYA,,,1805,
1805131,2020-12-16 00:06:05.888102+00,2020-12-16 00:06:05.888116+00,,,BANDAR SURABAYA,,,1805,
1806010,2020-12-16 00:06:05.890145+00,2020-12-16 00:06:05.890159+00,,,BUKIT KEMUNING,,,1806,
1806011,2020-12-16 00:06:05.892064+00,2020-12-16 00:06:05.892077+00,,,ABUNG TINGGI,,,1806,
1806020,2020-12-16 00:06:05.894086+00,2020-12-16 00:06:05.894101+00,,,TANJUNG RAJA,,,1806,
1806030,2020-12-16 00:06:05.896051+00,2020-12-16 00:06:05.896065+00,,,ABUNG BARAT,,,1806,
1806031,2020-12-16 00:06:05.898099+00,2020-12-16 00:06:05.898113+00,,,ABUNG TENGAH,,,1806,
1806032,2020-12-16 00:06:05.900165+00,2020-12-16 00:06:05.90018+00,,,ABUNG  KUNANG,,,1806,
1806033,2020-12-16 00:06:05.902537+00,2020-12-16 00:06:05.902551+00,,,ABUNG PEKURUN,,,1806,
1806040,2020-12-16 00:06:05.904842+00,2020-12-16 00:06:05.904863+00,,,KOTABUMI,,,1806,
1806041,2020-12-16 00:06:05.907114+00,2020-12-16 00:06:05.907128+00,,,KOTABUMI UTARA,,,1806,
1806042,2020-12-16 00:06:05.909805+00,2020-12-16 00:06:05.909819+00,,,KOTABUMI SELATAN,,,1806,
1806050,2020-12-16 00:06:05.912114+00,2020-12-16 00:06:05.912128+00,,,ABUNG SELATAN,,,1806,
1806051,2020-12-16 00:06:05.91415+00,2020-12-16 00:06:05.914164+00,,,ABUNG SEMULI,,,1806,
1806052,2020-12-16 00:06:05.916122+00,2020-12-16 00:06:05.916137+00,,,BLAMBANGAN PAGAR,,,1806,
1806060,2020-12-16 00:06:05.918182+00,2020-12-16 00:06:05.918197+00,,,ABUNG TIMUR,,,1806,
1806061,2020-12-16 00:06:05.920249+00,2020-12-16 00:06:05.920263+00,,,ABUNG SURAKARTA,,,1806,
1806070,2020-12-16 00:06:05.922336+00,2020-12-16 00:06:05.92235+00,,,SUNGKAI SELATAN,,,1806,
1806071,2020-12-16 00:06:05.924393+00,2020-12-16 00:06:05.924407+00,,,MUARA SUNGKAI,,,1806,
1806072,2020-12-16 00:06:05.926743+00,2020-12-16 00:06:05.926757+00,,,BUNGA MAYANG,,,1806,
1806073,2020-12-16 00:06:05.929063+00,2020-12-16 00:06:05.929078+00,,,SUNGKAI  BARAT,,,1806,
1806074,2020-12-16 00:06:05.931328+00,2020-12-16 00:06:05.931341+00,,,SUNGKAI JAYA,,,1806,
1806080,2020-12-16 00:06:05.933844+00,2020-12-16 00:06:05.933859+00,,,SUNGKAI UTARA,,,1806,
1806081,2020-12-16 00:06:05.936417+00,2020-12-16 00:06:05.936432+00,,,HULUSUNGKAI,,,1806,
1806082,2020-12-16 00:06:05.93906+00,2020-12-16 00:06:05.939076+00,,,SUNGKAI TENGAH,,,1806,
1807010,2020-12-16 00:06:05.941595+00,2020-12-16 00:06:05.94161+00,,,BANJIT,,,1807,
1807020,2020-12-16 00:06:05.94423+00,2020-12-16 00:06:05.944244+00,,,BARADATU,,,1807,
1807021,2020-12-16 00:06:05.94669+00,2020-12-16 00:06:05.946705+00,,,GUNUNG LABUHAN,,,1807,
1807030,2020-12-16 00:06:05.949075+00,2020-12-16 00:06:05.94909+00,,,KASUI,,,1807,
1807031,2020-12-16 00:06:05.951467+00,2020-12-16 00:06:05.951481+00,,,REBANG TANGKAS,,,1807,
1807040,2020-12-16 00:06:05.953825+00,2020-12-16 00:06:05.95384+00,,,BLAMBANGAN UMPU,,,1807,
1807041,2020-12-16 00:06:05.956273+00,2020-12-16 00:06:05.956287+00,,,WAY TUBA,,,1807,
1807042,2020-12-16 00:06:05.958822+00,2020-12-16 00:06:05.958836+00,,,NEGERI AGUNG,,,1807,
1807050,2020-12-16 00:06:05.961341+00,2020-12-16 00:06:05.961356+00,,,BAHUGA,,,1807,
1807051,2020-12-16 00:06:05.963759+00,2020-12-16 00:06:05.963774+00,,,BUAY  BAHUGA,,,1807,
1807052,2020-12-16 00:06:05.966183+00,2020-12-16 00:06:05.966196+00,,,BUMI AGUNG,,,1807,
1807060,2020-12-16 00:06:05.968706+00,2020-12-16 00:06:05.968721+00,,,PAKUAN RATU,,,1807,
1807061,2020-12-16 00:06:05.971765+00,2020-12-16 00:06:05.971793+00,,,NEGARA BATIN,,,1807,
1807062,2020-12-16 00:06:05.974746+00,2020-12-16 00:06:05.974763+00,,,NEGERI BESAR,,,1807,
1808030,2020-12-16 00:06:05.977312+00,2020-12-16 00:06:05.977327+00,,,BANJAR AGUNG,,,1808,
1808031,2020-12-16 00:06:05.979721+00,2020-12-16 00:06:05.979736+00,,,BANJAR MARGO,,,1808,
1808032,2020-12-16 00:06:05.98199+00,2020-12-16 00:06:05.982004+00,,,BANJAR BARU,,,1808,
1808040,2020-12-16 00:06:05.984159+00,2020-12-16 00:06:05.984173+00,,,GEDUNG AJI,,,1808,
1808041,2020-12-16 00:06:05.986217+00,2020-12-16 00:06:05.986231+00,,,PENAWAR AJI,,,1808,
1808042,2020-12-16 00:06:05.988265+00,2020-12-16 00:06:05.98828+00,,,MERAKSA AJI,,,1808,
1808050,2020-12-16 00:06:05.990331+00,2020-12-16 00:06:05.990346+00,,,MENGGALA,,,1808,
1808051,2020-12-16 00:06:05.992402+00,2020-12-16 00:06:05.992417+00,,,PENAWAR TAMA,,,1808,
1808052,2020-12-16 00:06:05.994277+00,2020-12-16 00:06:05.994289+00,,,RAWAJITU SELATAN,,,1808,
1808053,2020-12-16 00:06:05.996337+00,2020-12-16 00:06:05.996352+00,,,GEDUNG MENENG,,,1808,
1808054,2020-12-16 00:06:05.998871+00,2020-12-16 00:06:05.998897+00,,,RAWAJITU TIMUR,,,1808,
1808055,2020-12-16 00:06:06.001526+00,2020-12-16 00:06:06.001551+00,,,RAWA PITU,,,1808,
1808056,2020-12-16 00:06:06.004065+00,2020-12-16 00:06:06.00409+00,,,GEDUNG AJI BARU,,,1808,
1808057,2020-12-16 00:06:06.00656+00,2020-12-16 00:06:06.006584+00,,,DENTE TELADAS,,,1808,
1808058,2020-12-16 00:06:06.008848+00,2020-12-16 00:06:06.00886+00,,,MENGGALA TIMUR,,,1808,
1809010,2020-12-16 00:06:06.010694+00,2020-12-16 00:06:06.010706+00,,,PUNDUH PIDADA,,,1809,
1809011,2020-12-16 00:06:06.012828+00,2020-12-16 00:06:06.012841+00,,,MARGA PUNDUH,,,1809,
1809020,2020-12-16 00:06:06.014521+00,2020-12-16 00:06:06.014533+00,,,PADANG CERMIN,,,1809,
1809021,2020-12-16 00:06:06.016361+00,2020-12-16 00:06:06.016373+00,,,TELUK PANDAN,,,1809,
1809022,2020-12-16 00:06:06.018118+00,2020-12-16 00:06:06.018131+00,,,WAY RATAI,,,1809,
1809030,2020-12-16 00:06:06.019854+00,2020-12-16 00:06:06.019866+00,,,KEDONDONG,,,1809,
1809031,2020-12-16 00:06:06.021984+00,2020-12-16 00:06:06.021996+00,,,WAY KHILAU,,,1809,
1809040,2020-12-16 00:06:06.023821+00,2020-12-16 00:06:06.023833+00,,,WAY LIMA,,,1809,
1809050,2020-12-16 00:06:06.025493+00,2020-12-16 00:06:06.025505+00,,,GEDUNG TATAAN,,,1809,
1809060,2020-12-16 00:06:06.027131+00,2020-12-16 00:06:06.027143+00,,,NEGERI KATON,,,1809,
1809070,2020-12-16 00:06:06.02889+00,2020-12-16 00:06:06.028901+00,,,TEGINENENG,,,1809,
1810010,2020-12-16 00:06:06.030594+00,2020-12-16 00:06:06.030605+00,,,PARDASUKA,,,1810,
1810020,2020-12-16 00:06:06.032484+00,2020-12-16 00:06:06.032496+00,,,AMBARAWA,,,1810,
1810030,2020-12-16 00:06:06.034581+00,2020-12-16 00:06:06.034594+00,,,PAGELARAN,,,1810,
1810031,2020-12-16 00:06:06.036443+00,2020-12-16 00:06:06.036456+00,,,PAGELARAN UTARA,,,1810,
1810040,2020-12-16 00:06:06.038699+00,2020-12-16 00:06:06.038712+00,,,PRINGSEWU,,,1810,
1810050,2020-12-16 00:06:06.041381+00,2020-12-16 00:06:06.041395+00,,,GADING REJO,,,1810,
1810060,2020-12-16 00:06:06.043642+00,2020-12-16 00:06:06.043656+00,,,SUKOHARJO,,,1810,
1810070,2020-12-16 00:06:06.04612+00,2020-12-16 00:06:06.046133+00,,,BANYUMAS,,,1810,
1810080,2020-12-16 00:06:06.048226+00,2020-12-16 00:06:06.048238+00,,,ADI LUWIH,,,1810,
1811010,2020-12-16 00:06:06.050305+00,2020-12-16 00:06:06.050319+00,,,WAY SERDANG,,,1811,
1811020,2020-12-16 00:06:06.052359+00,2020-12-16 00:06:06.052372+00,,,SIMPANG PEMATANG,,,1811,
1811030,2020-12-16 00:06:06.054486+00,2020-12-16 00:06:06.054499+00,,,PANCA JAYA,,,1811,
1811040,2020-12-16 00:06:06.056475+00,2020-12-16 00:06:06.056488+00,,,TANJUNG RAYA,,,1811,
1811050,2020-12-16 00:06:06.058353+00,2020-12-16 00:06:06.058366+00,,,MESUJI,,,1811,
1811060,2020-12-16 00:06:06.060188+00,2020-12-16 00:06:06.060201+00,,,MESUJI TIMUR,,,1811,
1811070,2020-12-16 00:06:06.062205+00,2020-12-16 00:06:06.062218+00,,,RAWAJITU UTARA,,,1811,
1812010,2020-12-16 00:06:06.064012+00,2020-12-16 00:06:06.064024+00,,,TULANG BAWANG UDIK,,,1812,
1812020,2020-12-16 00:06:06.065758+00,2020-12-16 00:06:06.065769+00,,,TUMI JAJAR,,,1812,
1812030,2020-12-16 00:06:06.067741+00,2020-12-16 00:06:06.067754+00,,,TULANG BAWANG TENGAH,,,1812,
1812040,2020-12-16 00:06:06.069805+00,2020-12-16 00:06:06.069818+00,,,PAGAR DEWA,,,1812,
1812050,2020-12-16 00:06:06.071802+00,2020-12-16 00:06:06.071813+00,,,LAMBU KIBANG,,,1812,
1812060,2020-12-16 00:06:06.073912+00,2020-12-16 00:06:06.073929+00,,,GUNUNG TERANG,,,1812,
1812070,2020-12-16 00:06:06.07638+00,2020-12-16 00:06:06.076396+00,,,GUNUNG AGUNG,,,1812,
1812080,2020-12-16 00:06:06.078491+00,2020-12-16 00:06:06.078503+00,,,WAY KENANGA,,,1812,
1813010,2020-12-16 00:06:06.080328+00,2020-12-16 00:06:06.08034+00,,,LEMONG,,,1813,
1813020,2020-12-16 00:06:06.082056+00,2020-12-16 00:06:06.082068+00,,,PESISIR UTARA,,,1813,
1813030,2020-12-16 00:06:06.083839+00,2020-12-16 00:06:06.08385+00,,,PULAU PISANG,,,1813,
1813040,2020-12-16 00:06:06.08551+00,2020-12-16 00:06:06.085522+00,,,KARYA PENGGAWA,,,1813,
1813050,2020-12-16 00:06:06.087169+00,2020-12-16 00:06:06.08718+00,,,WAY KRUI,,,1813,
1813060,2020-12-16 00:06:06.088966+00,2020-12-16 00:06:06.088978+00,,,PESISIR TENGAH,,,1813,
1813070,2020-12-16 00:06:06.090868+00,2020-12-16 00:06:06.09088+00,,,KRUI SELATAN,,,1813,
1813080,2020-12-16 00:06:06.093078+00,2020-12-16 00:06:06.093091+00,,,PESISIR SELATAN,,,1813,
1813090,2020-12-16 00:06:06.09498+00,2020-12-16 00:06:06.094993+00,,,NGAMBUR,,,1813,
1813100,2020-12-16 00:06:06.096778+00,2020-12-16 00:06:06.09679+00,,,BENGKUNAT,,,1813,
1813110,2020-12-16 00:06:06.09851+00,2020-12-16 00:06:06.098522+00,,,BENGKUNAT BELIMBING,,,1813,
1871010,2020-12-16 00:06:06.10026+00,2020-12-16 00:06:06.100272+00,,,TELUK BETUNG BARAT,,,1871,
1871011,2020-12-16 00:06:06.101925+00,2020-12-16 00:06:06.101937+00,,,TELUKBETUNG TIMUR,,,1871,
1871020,2020-12-16 00:06:06.103676+00,2020-12-16 00:06:06.103688+00,,,TELUK BETUNG SELATAN,,,1871,
1871021,2020-12-16 00:06:06.105383+00,2020-12-16 00:06:06.105395+00,,,BUMI WARAS,,,1871,
1871030,2020-12-16 00:06:06.10713+00,2020-12-16 00:06:06.107142+00,,,PANJANG,,,1871,
1871040,2020-12-16 00:06:06.109261+00,2020-12-16 00:06:06.109274+00,,,TANJUNG KARANG TIMUR,,,1871,
1871041,2020-12-16 00:06:06.111142+00,2020-12-16 00:06:06.111155+00,,,KEDAMAIAN,,,1871,
1871050,2020-12-16 00:06:06.112876+00,2020-12-16 00:06:06.112887+00,,,TELUK BETUNG UTARA,,,1871,
1871060,2020-12-16 00:06:06.11453+00,2020-12-16 00:06:06.114542+00,,,TANJUNG KARANG PUSAT,,,1871,
1871061,2020-12-16 00:06:06.116169+00,2020-12-16 00:06:06.11618+00,,,ENGGAL,,,1871,
1871070,2020-12-16 00:06:06.118226+00,2020-12-16 00:06:06.118238+00,,,TANJUNG KARANG BARAT,,,1871,
1871071,2020-12-16 00:06:06.120867+00,2020-12-16 00:06:06.12088+00,,,KEMILING,,,1871,
1871072,2020-12-16 00:06:06.123829+00,2020-12-16 00:06:06.123844+00,,,LANGKAPURA,,,1871,
1871080,2020-12-16 00:06:06.126807+00,2020-12-16 00:06:06.126822+00,,,KEDATON,,,1871,
1871081,2020-12-16 00:06:06.129668+00,2020-12-16 00:06:06.129683+00,,,RAJABASA,,,1871,
1871082,2020-12-16 00:06:06.132477+00,2020-12-16 00:06:06.132492+00,,,TANJUNG SENANG,,,1871,
1871083,2020-12-16 00:06:06.134962+00,2020-12-16 00:06:06.134977+00,,,LABUHAN RATU,,,1871,
1871090,2020-12-16 00:06:06.137551+00,2020-12-16 00:06:06.137564+00,,,SUKARAME,,,1871,
1871091,2020-12-16 00:06:06.140187+00,2020-12-16 00:06:06.140202+00,,,SUKABUMI,,,1871,
1871092,2020-12-16 00:06:06.14279+00,2020-12-16 00:06:06.142804+00,,,WAY HALIM,,,1871,
1872011,2020-12-16 00:06:06.145454+00,2020-12-16 00:06:06.145469+00,,,METRO SELATAN,,,1872,
1872012,2020-12-16 00:06:06.148099+00,2020-12-16 00:06:06.148113+00,,,METRO BARAT,,,1872,
1872021,2020-12-16 00:06:06.150915+00,2020-12-16 00:06:06.15093+00,,,METRO TIMUR,,,1872,
1872022,2020-12-16 00:06:06.153528+00,2020-12-16 00:06:06.153543+00,,,METRO PUSAT,,,1872,
1872023,2020-12-16 00:06:06.156017+00,2020-12-16 00:06:06.156032+00,,,METRO UTARA,,,1872,
1901070,2020-12-16 00:06:06.158705+00,2020-12-16 00:06:06.158719+00,,,MENDO BARAT,,,1901,
1901080,2020-12-16 00:06:06.161347+00,2020-12-16 00:06:06.161362+00,,,MERAWANG,,,1901,
1901081,2020-12-16 00:06:06.163942+00,2020-12-16 00:06:06.163957+00,,,PUDING BESAR,,,1901,
1901090,2020-12-16 00:06:06.166468+00,2020-12-16 00:06:06.16648+00,,,SUNGAI LIAT,,,1901,
1901091,2020-12-16 00:06:06.169139+00,2020-12-16 00:06:06.169154+00,,,PEMALI,,,1901,
1901092,2020-12-16 00:06:06.171811+00,2020-12-16 00:06:06.171826+00,,,BAKAM,,,1901,
1901130,2020-12-16 00:06:06.174326+00,2020-12-16 00:06:06.174341+00,,,BELINYU,,,1901,
1901131,2020-12-16 00:06:06.177194+00,2020-12-16 00:06:06.177211+00,,,RIAU SILIP,,,1901,
1902010,2020-12-16 00:06:06.180092+00,2020-12-16 00:06:06.180108+00,,,MEMBALONG,,,1902,
1902060,2020-12-16 00:06:06.182616+00,2020-12-16 00:06:06.182629+00,,,TANJUNG PANDAN,,,1902,
1902061,2020-12-16 00:06:06.184953+00,2020-12-16 00:06:06.184966+00,,,BADAU,,,1902,
1902062,2020-12-16 00:06:06.187314+00,2020-12-16 00:06:06.187326+00,,,SIJUK,,,1902,
1902063,2020-12-16 00:06:06.189454+00,2020-12-16 00:06:06.189465+00,,,SELAT NASIK,,,1902,
1903010,2020-12-16 00:06:06.191418+00,2020-12-16 00:06:06.19143+00,,,KELAPA,,,1903,
1903020,2020-12-16 00:06:06.1934+00,2020-12-16 00:06:06.193413+00,,,TEMPILANG,,,1903,
1903030,2020-12-16 00:06:06.195429+00,2020-12-16 00:06:06.195442+00,,,MENTOK,,,1903,
1903040,2020-12-16 00:06:06.197427+00,2020-12-16 00:06:06.197439+00,,,SIMPANG TERITIP,,,1903,
1903050,2020-12-16 00:06:06.199733+00,2020-12-16 00:06:06.199771+00,,,JEBUS,,,1903,
1903051,2020-12-16 00:06:06.203362+00,2020-12-16 00:06:06.203405+00,,,PARITTIGA,,,1903,
1904010,2020-12-16 00:06:06.206765+00,2020-12-16 00:06:06.20679+00,,,KOBA,,,1904,
1904011,2020-12-16 00:06:06.210547+00,2020-12-16 00:06:06.21057+00,,,LUBUK BESAR,,,1904,
1904020,2020-12-16 00:06:06.21383+00,2020-12-16 00:06:06.213855+00,,,PANGKALAN BARU,,,1904,
1904021,2020-12-16 00:06:06.217055+00,2020-12-16 00:06:06.217083+00,,,NAMANG,,,1904,
1904030,2020-12-16 00:06:06.220685+00,2020-12-16 00:06:06.220708+00,,,SUNGAI SELAN,,,1904,
1904040,2020-12-16 00:06:06.22366+00,2020-12-16 00:06:06.223679+00,,,SIMPANG KATIS,,,1904,
1905010,2020-12-16 00:06:06.226346+00,2020-12-16 00:06:06.226365+00,,,PAYUNG,,,1905,
1905011,2020-12-16 00:06:06.229457+00,2020-12-16 00:06:06.22948+00,,,PULAU BESAR,,,1905,
1905020,2020-12-16 00:06:06.23252+00,2020-12-16 00:06:06.232542+00,,,SIMPANG RIMBA,,,1905,
1905030,2020-12-16 00:06:06.235124+00,2020-12-16 00:06:06.235144+00,,,TOBOALI,,,1905,
1905031,2020-12-16 00:06:06.237563+00,2020-12-16 00:06:06.237582+00,,,TUKAK SADAI,,,1905,
1905040,2020-12-16 00:06:06.240128+00,2020-12-16 00:06:06.240148+00,,,AIR GEGAS,,,1905,
1905050,2020-12-16 00:06:06.242957+00,2020-12-16 00:06:06.242971+00,,,LEPAR PONGOK,,,1905,
1905051,2020-12-16 00:06:06.245484+00,2020-12-16 00:06:06.245497+00,,,KEPULAUAN PONGOK,,,1905,
1906010,2020-12-16 00:06:06.247618+00,2020-12-16 00:06:06.24763+00,,,DENDANG,,,1906,
1906011,2020-12-16 00:06:06.249818+00,2020-12-16 00:06:06.24983+00,,,SIMPANG PESAK,,,1906,
1906020,2020-12-16 00:06:06.252092+00,2020-12-16 00:06:06.252103+00,,,GANTUNG,,,1906,
1906021,2020-12-16 00:06:06.254188+00,2020-12-16 00:06:06.254201+00,,,SIMPANG RENGGIANG,,,1906,
1906030,2020-12-16 00:06:06.256643+00,2020-12-16 00:06:06.256656+00,,,MANGGAR,,,1906,
1906031,2020-12-16 00:06:06.259154+00,2020-12-16 00:06:06.259167+00,,,DAMAR,,,1906,
1906040,2020-12-16 00:06:06.26174+00,2020-12-16 00:06:06.261755+00,,,KELAPA KAMPIT,,,1906,
1971010,2020-12-16 00:06:06.264242+00,2020-12-16 00:06:06.264255+00,,,RANGKUI,,,1971,
1971020,2020-12-16 00:06:06.266798+00,2020-12-16 00:06:06.266811+00,,,BUKIT INTAN,,,1971,
1971021,2020-12-16 00:06:06.269116+00,2020-12-16 00:06:06.269128+00,,,GIRIMAYA,,,1971,
1971030,2020-12-16 00:06:06.271396+00,2020-12-16 00:06:06.27141+00,,,PANGKAL BALAM,,,1971,
1971031,2020-12-16 00:06:06.273547+00,2020-12-16 00:06:06.27356+00,,,GABEK,,,1971,
1971040,2020-12-16 00:06:06.275772+00,2020-12-16 00:06:06.275785+00,,,TAMAN SARI,,,1971,
1971041,2020-12-16 00:06:06.277855+00,2020-12-16 00:06:06.277866+00,,,GERUNGGANG,,,1971,
2101010,2020-12-16 00:06:06.281482+00,2020-12-16 00:06:06.281528+00,,,MORO,,,2101,
2101011,2020-12-16 00:06:06.285519+00,2020-12-16 00:06:06.285547+00,,,DURAI,,,2101,
2101020,2020-12-16 00:06:06.288896+00,2020-12-16 00:06:06.288941+00,,,KUNDUR,,,2101,
2101021,2020-12-16 00:06:06.291816+00,2020-12-16 00:06:06.291831+00,,,KUNDUR UTARA,,,2101,
2101022,2020-12-16 00:06:06.294481+00,2020-12-16 00:06:06.294495+00,,,KUNDUR BARAT,,,2101,
2101023,2020-12-16 00:06:06.297137+00,2020-12-16 00:06:06.297152+00,,,UNGAR,,,2101,
2101024,2020-12-16 00:06:06.299747+00,2020-12-16 00:06:06.299762+00,,,BELAT,,,2101,
2101030,2020-12-16 00:06:06.30253+00,2020-12-16 00:06:06.302545+00,,,KARIMUN,,,2101,
2101031,2020-12-16 00:06:06.30525+00,2020-12-16 00:06:06.305265+00,,,BURU,,,2101,
2101032,2020-12-16 00:06:06.308053+00,2020-12-16 00:06:06.308068+00,,,MERAL,,,2101,
2101033,2020-12-16 00:06:06.31064+00,2020-12-16 00:06:06.310654+00,,,TEBING,,,2101,
2101034,2020-12-16 00:06:06.313338+00,2020-12-16 00:06:06.313352+00,,,MERAL BARAT,,,2101,
2102040,2020-12-16 00:06:06.315902+00,2020-12-16 00:06:06.315917+00,,,TELUK BINTAN,,,2102,
2102050,2020-12-16 00:06:06.318342+00,2020-12-16 00:06:06.318356+00,,,BINTAN UTARA,,,2102,
2102051,2020-12-16 00:06:06.321266+00,2020-12-16 00:06:06.321282+00,,,TELUK SEBONG,,,2102,
2102052,2020-12-16 00:06:06.324157+00,2020-12-16 00:06:06.324172+00,,,SERI KUALA LOBAM,,,2102,
2102060,2020-12-16 00:06:06.326884+00,2020-12-16 00:06:06.326899+00,,,BINTAN TIMUR,,,2102,
2102061,2020-12-16 00:06:06.329346+00,2020-12-16 00:06:06.32936+00,,,GUNUNG KIJANG,,,2102,
2102062,2020-12-16 00:06:06.331762+00,2020-12-16 00:06:06.331777+00,,,MANTANG,,,2102,
2102063,2020-12-16 00:06:06.334472+00,2020-12-16 00:06:06.334487+00,,,BINTAN PESISIR,,,2102,
2102064,2020-12-16 00:06:06.338209+00,2020-12-16 00:06:06.338224+00,,,TOAPAYA,,,2102,
2102070,2020-12-16 00:06:06.340882+00,2020-12-16 00:06:06.340896+00,,,TAMBELAN,,,2102,
2103030,2020-12-16 00:06:06.34375+00,2020-12-16 00:06:06.343764+00,,,MIDAI,,,2103,
2103040,2020-12-16 00:06:06.346487+00,2020-12-16 00:06:06.346503+00,,,BUNGURAN BARAT,,,2103,
2103041,2020-12-16 00:06:06.349317+00,2020-12-16 00:06:06.349332+00,,,BUNGURAN UTARA,,,2103,
2103042,2020-12-16 00:06:06.351698+00,2020-12-16 00:06:06.351712+00,,,PULAU LAUT,,,2103,
2103043,2020-12-16 00:06:06.354055+00,2020-12-16 00:06:06.354069+00,,,PULAU TIGA,,,2103,
2103050,2020-12-16 00:06:06.356939+00,2020-12-16 00:06:06.356974+00,,,BUNGURAN TIMUR,,,2103,
2103051,2020-12-16 00:06:06.360593+00,2020-12-16 00:06:06.360628+00,,,BUNGURAN TIMUR LAUT,,,2103,
2103052,2020-12-16 00:06:06.364304+00,2020-12-16 00:06:06.364339+00,,,BUNGURAN TENGAH,,,2103,
2103053,2020-12-16 00:06:06.368076+00,2020-12-16 00:06:06.368114+00,,,BUNGURAN SELATAN,,,2103,
2103060,2020-12-16 00:06:06.371097+00,2020-12-16 00:06:06.371112+00,,,SERASAN,,,2103,
2103061,2020-12-16 00:06:06.373904+00,2020-12-16 00:06:06.373919+00,,,SUBI,,,2103,
2103062,2020-12-16 00:06:06.376537+00,2020-12-16 00:06:06.376552+00,,,SERASAN TIMUR,,,2103,
2104010,2020-12-16 00:06:06.378957+00,2020-12-16 00:06:06.378971+00,,,SINGKEP BARAT,,,2104,
2104020,2020-12-16 00:06:06.381763+00,2020-12-16 00:06:06.38178+00,,,SINGKEP,,,2104,
2104021,2020-12-16 00:06:06.384381+00,2020-12-16 00:06:06.384399+00,,,SINGKEP SELATAN,,,2104,
2104022,2020-12-16 00:06:06.387791+00,2020-12-16 00:06:06.387812+00,,,SINGKEP PESISIR,,,2104,
2104030,2020-12-16 00:06:06.391052+00,2020-12-16 00:06:06.391068+00,,,LINGGA,,,2104,
2104031,2020-12-16 00:06:06.393893+00,2020-12-16 00:06:06.393908+00,,,SELAYAR,,,2104,
2104032,2020-12-16 00:06:06.396651+00,2020-12-16 00:06:06.396675+00,,,LINGGA TIMUR,,,2104,
2104040,2020-12-16 00:06:06.399296+00,2020-12-16 00:06:06.399318+00,,,LINGGA UTARA,,,2104,
2104050,2020-12-16 00:06:06.402429+00,2020-12-16 00:06:06.402455+00,,,SENAYANG,,,2104,
2105010,2020-12-16 00:06:06.405761+00,2020-12-16 00:06:06.405786+00,,,JEMAJA,,,2105,
2105020,2020-12-16 00:06:06.408667+00,2020-12-16 00:06:06.408682+00,,,JEMAJA TIMUR,,,2105,
2105030,2020-12-16 00:06:06.411413+00,2020-12-16 00:06:06.411427+00,,,SIANTAN SELATAN,,,2105,
2105040,2020-12-16 00:06:06.414214+00,2020-12-16 00:06:06.414229+00,,,SIANTAN,,,2105,
2105050,2020-12-16 00:06:06.416824+00,2020-12-16 00:06:06.416838+00,,,SIANTAN TIMUR,,,2105,
2105060,2020-12-16 00:06:06.419221+00,2020-12-16 00:06:06.419238+00,,,SIANTAN TENGAH,,,2105,
2105070,2020-12-16 00:06:06.42185+00,2020-12-16 00:06:06.421864+00,,,PALMATAK,,,2105,
2171010,2020-12-16 00:06:06.424354+00,2020-12-16 00:06:06.424368+00,,,BELAKANG PADANG,,,2171,
2171020,2020-12-16 00:06:06.42679+00,2020-12-16 00:06:06.426805+00,,,BULANG,,,2171,
2171030,2020-12-16 00:06:06.429432+00,2020-12-16 00:06:06.429446+00,,,GALANG,,,2171,
2171040,2020-12-16 00:06:06.432002+00,2020-12-16 00:06:06.432016+00,,,SEI BEDUK,,,2171,
2171041,2020-12-16 00:06:06.434563+00,2020-12-16 00:06:06.434578+00,,,SAGULUNG,,,2171,
2171050,2020-12-16 00:06:06.436968+00,2020-12-16 00:06:06.436983+00,,,NONGSA,,,2171,
2171051,2020-12-16 00:06:06.439562+00,2020-12-16 00:06:06.439577+00,,,BATAM KOTA,,,2171,
2171060,2020-12-16 00:06:06.442096+00,2020-12-16 00:06:06.442111+00,,,SEKUPANG,,,2171,
2171061,2020-12-16 00:06:06.444611+00,2020-12-16 00:06:06.444625+00,,,BATU AJI,,,2171,
2171070,2020-12-16 00:06:06.447122+00,2020-12-16 00:06:06.447136+00,,,LUBUK BAJA,,,2171,
2171080,2020-12-16 00:06:06.449836+00,2020-12-16 00:06:06.44985+00,,,BATU AMPAR,,,2171,
2171081,2020-12-16 00:06:06.452481+00,2020-12-16 00:06:06.452495+00,,,BENGKONG,,,2171,
2172010,2020-12-16 00:06:06.45502+00,2020-12-16 00:06:06.455035+00,,,BUKIT BESTARI,,,2172,
2172020,2020-12-16 00:06:06.457697+00,2020-12-16 00:06:06.457712+00,,,TANJUNGPINANG TIMUR,,,2172,
2172030,2020-12-16 00:06:06.460489+00,2020-12-16 00:06:06.460504+00,,,TANJUNGPINANG KOTA,,,2172,
2172040,2020-12-16 00:06:06.463084+00,2020-12-16 00:06:06.463098+00,,,TANJUNGPINANG BARAT,,,2172,
3101010,2020-12-16 00:06:06.465598+00,2020-12-16 00:06:06.465613+00,,,KEPULAUAN SERIBU SELATAN,,,3101,
3101020,2020-12-16 00:06:06.468089+00,2020-12-16 00:06:06.468105+00,,,KEPULAUAN SERIBU UTARA,,,3101,
3171010,2020-12-16 00:06:06.470585+00,2020-12-16 00:06:06.4706+00,,,JAGAKARSA,,,3171,
3171020,2020-12-16 00:06:06.473159+00,2020-12-16 00:06:06.473177+00,,,PASAR MINGGU,,,3171,
3171030,2020-12-16 00:06:06.476267+00,2020-12-16 00:06:06.476295+00,,,CILANDAK,,,3171,
3171040,2020-12-16 00:06:06.479375+00,2020-12-16 00:06:06.479402+00,,,PESANGGRAHAN,,,3171,
3171050,2020-12-16 00:06:06.482378+00,2020-12-16 00:06:06.482404+00,,,KEBAYORAN LAMA,,,3171,
3171060,2020-12-16 00:06:06.485408+00,2020-12-16 00:06:06.485434+00,,,KEBAYORAN BARU,,,3171,
3171070,2020-12-16 00:06:06.48788+00,2020-12-16 00:06:06.487896+00,,,MAMPANG PRAPATAN,,,3171,
3171080,2020-12-16 00:06:06.490191+00,2020-12-16 00:06:06.490206+00,,,PANCORAN,,,3171,
3171090,2020-12-16 00:06:06.492677+00,2020-12-16 00:06:06.492689+00,,,TEBET,,,3171,
3171100,2020-12-16 00:06:06.495014+00,2020-12-16 00:06:06.495026+00,,,SETIA BUDI,,,3171,
3172010,2020-12-16 00:06:06.497635+00,2020-12-16 00:06:06.497674+00,,,PASAR REBO,,,3172,
3172020,2020-12-16 00:06:06.502072+00,2020-12-16 00:06:06.502111+00,,,CIRACAS,,,3172,
3172030,2020-12-16 00:06:06.505928+00,2020-12-16 00:06:06.505941+00,,,CIPAYUNG,,,3172,
3172040,2020-12-16 00:06:06.509221+00,2020-12-16 00:06:06.509246+00,,,MAKASAR,,,3172,
3172050,2020-12-16 00:06:06.51262+00,2020-12-16 00:06:06.512647+00,,,KRAMAT JATI,,,3172,
3172060,2020-12-16 00:06:06.515981+00,2020-12-16 00:06:06.516007+00,,,JATINEGARA,,,3172,
3172070,2020-12-16 00:06:06.519333+00,2020-12-16 00:06:06.519348+00,,,DUREN SAWIT,,,3172,
3172080,2020-12-16 00:06:06.521826+00,2020-12-16 00:06:06.521839+00,,,CAKUNG,,,3172,
3172090,2020-12-16 00:06:06.524451+00,2020-12-16 00:06:06.524464+00,,,PULO GADUNG,,,3172,
3172100,2020-12-16 00:06:06.527004+00,2020-12-16 00:06:06.527019+00,,,MATRAMAN,,,3172,
3173010,2020-12-16 00:06:06.529762+00,2020-12-16 00:06:06.529776+00,,,TANAH ABANG,,,3173,
3173020,2020-12-16 00:06:06.532522+00,2020-12-16 00:06:06.532535+00,,,MENTENG,,,3173,
3173030,2020-12-16 00:06:06.535089+00,2020-12-16 00:06:06.535102+00,,,SENEN,,,3173,
3173040,2020-12-16 00:06:06.537424+00,2020-12-16 00:06:06.537437+00,,,JOHAR BARU,,,3173,
3173050,2020-12-16 00:06:06.539704+00,2020-12-16 00:06:06.539716+00,,,CEMPAKA PUTIH,,,3173,
3173060,2020-12-16 00:06:06.541902+00,2020-12-16 00:06:06.541915+00,,,KEMAYORAN,,,3173,
3173070,2020-12-16 00:06:06.544231+00,2020-12-16 00:06:06.544244+00,,,SAWAH BESAR,,,3173,
3173080,2020-12-16 00:06:06.546265+00,2020-12-16 00:06:06.546277+00,,,GAMBIR,,,3173,
3174010,2020-12-16 00:06:06.5487+00,2020-12-16 00:06:06.548714+00,,,KEMBANGAN,,,3174,
3174020,2020-12-16 00:06:06.551301+00,2020-12-16 00:06:06.551315+00,,,KEBON JERUK,,,3174,
3174030,2020-12-16 00:06:06.553989+00,2020-12-16 00:06:06.554004+00,,,PALMERAH,,,3174,
3174040,2020-12-16 00:06:06.556569+00,2020-12-16 00:06:06.556582+00,,,GROGOL PETAMBURAN,,,3174,
3174050,2020-12-16 00:06:06.55916+00,2020-12-16 00:06:06.559174+00,,,TAMBORA,,,3174,
3174060,2020-12-16 00:06:06.561614+00,2020-12-16 00:06:06.561627+00,,,TAMAN SARI,,,3174,
3174070,2020-12-16 00:06:06.563898+00,2020-12-16 00:06:06.563911+00,,,CENGKARENG,,,3174,
3174080,2020-12-16 00:06:06.566141+00,2020-12-16 00:06:06.566153+00,,,KALI DERES,,,3174,
3175010,2020-12-16 00:06:06.56829+00,2020-12-16 00:06:06.568303+00,,,PENJARINGAN,,,3175,
3175020,2020-12-16 00:06:06.57066+00,2020-12-16 00:06:06.570673+00,,,PADEMANGAN,,,3175,
3175030,2020-12-16 00:06:06.572976+00,2020-12-16 00:06:06.572988+00,,,TANJUNG PRIOK,,,3175,
3175040,2020-12-16 00:06:06.575262+00,2020-12-16 00:06:06.575275+00,,,KOJA,,,3175,
3175050,2020-12-16 00:06:06.577869+00,2020-12-16 00:06:06.577882+00,,,KELAPA GADING,,,3175,
3175060,2020-12-16 00:06:06.580527+00,2020-12-16 00:06:06.58054+00,,,CILINCING,,,3175,
3201010,2020-12-16 00:06:06.582756+00,2020-12-16 00:06:06.58277+00,,,NANGGUNG,,,3201,
3201020,2020-12-16 00:06:06.585388+00,2020-12-16 00:06:06.585402+00,,,LEUWILIANG,,,3201,
3201021,2020-12-16 00:06:06.58781+00,2020-12-16 00:06:06.587822+00,,,LEUWISADENG,,,3201,
3201030,2020-12-16 00:06:06.589959+00,2020-12-16 00:06:06.589975+00,,,PAMIJAHAN,,,3201,
3201040,2020-12-16 00:06:06.592554+00,2020-12-16 00:06:06.59257+00,,,CIBUNGBULANG,,,3201,
3201050,2020-12-16 00:06:06.595043+00,2020-12-16 00:06:06.595057+00,,,CIAMPEA,,,3201,
3201051,2020-12-16 00:06:06.59735+00,2020-12-16 00:06:06.597363+00,,,TENJOLAYA,,,3201,
3201060,2020-12-16 00:06:06.599627+00,2020-12-16 00:06:06.59964+00,,,DRAMAGA,,,3201,
3201070,2020-12-16 00:06:06.602321+00,2020-12-16 00:06:06.602335+00,,,CIOMAS,,,3201,
3201071,2020-12-16 00:06:06.604797+00,2020-12-16 00:06:06.60481+00,,,TAMANSARI,,,3201,
3201080,2020-12-16 00:06:06.607385+00,2020-12-16 00:06:06.607399+00,,,CIJERUK,,,3201,
3201081,2020-12-16 00:06:06.610273+00,2020-12-16 00:06:06.610285+00,,,CIGOMBONG,,,3201,
3201090,2020-12-16 00:06:06.612513+00,2020-12-16 00:06:06.612526+00,,,CARINGIN,,,3201,
3201100,2020-12-16 00:06:06.614678+00,2020-12-16 00:06:06.614689+00,,,CIAWI,,,3201,
3201110,2020-12-16 00:06:06.616876+00,2020-12-16 00:06:06.616889+00,,,CISARUA,,,3201,
3201120,2020-12-16 00:06:06.619152+00,2020-12-16 00:06:06.619164+00,,,MEGAMENDUNG,,,3201,
3201130,2020-12-16 00:06:06.621477+00,2020-12-16 00:06:06.621489+00,,,SUKARAJA,,,3201,
3201140,2020-12-16 00:06:06.623727+00,2020-12-16 00:06:06.623739+00,,,BABAKAN MADANG,,,3201,
3201150,2020-12-16 00:06:06.625806+00,2020-12-16 00:06:06.625819+00,,,SUKAMAKMUR,,,3201,
3201160,2020-12-16 00:06:06.62804+00,2020-12-16 00:06:06.628052+00,,,CARIU,,,3201,
3201161,2020-12-16 00:06:06.630275+00,2020-12-16 00:06:06.630286+00,,,TANJUNGSARI,,,3201,
3201170,2020-12-16 00:06:06.632563+00,2020-12-16 00:06:06.632575+00,,,JONGGOL,,,3201,
3201180,2020-12-16 00:06:06.634796+00,2020-12-16 00:06:06.634808+00,,,CILEUNGSI,,,3201,
3201181,2020-12-16 00:06:06.637399+00,2020-12-16 00:06:06.637412+00,,,KELAPA NUNGGAL,,,3201,
3201190,2020-12-16 00:06:06.640061+00,2020-12-16 00:06:06.640075+00,,,GUNUNG PUTRI,,,3201,
3201200,2020-12-16 00:06:06.642733+00,2020-12-16 00:06:06.642746+00,,,CITEUREUP,,,3201,
3201210,2020-12-16 00:06:06.645402+00,2020-12-16 00:06:06.645416+00,,,CIBINONG,,,3201,
3201220,2020-12-16 00:06:06.648013+00,2020-12-16 00:06:06.648026+00,,,BOJONG GEDE,,,3201,
3201221,2020-12-16 00:06:06.650365+00,2020-12-16 00:06:06.650378+00,,,TAJUR HALANG,,,3201,
3201230,2020-12-16 00:06:06.652723+00,2020-12-16 00:06:06.652736+00,,,KEMANG,,,3201,
3201231,2020-12-16 00:06:06.655255+00,2020-12-16 00:06:06.655268+00,,,RANCA BUNGUR,,,3201,
3201240,2020-12-16 00:06:06.657968+00,2020-12-16 00:06:06.657982+00,,,PARUNG,,,3201,
3201241,2020-12-16 00:06:06.66056+00,2020-12-16 00:06:06.660574+00,,,CISEENG,,,3201,
3201250,2020-12-16 00:06:06.662956+00,2020-12-16 00:06:06.662971+00,,,GUNUNG SINDUR,,,3201,
3201260,2020-12-16 00:06:06.66536+00,2020-12-16 00:06:06.665373+00,,,RUMPIN,,,3201,
3201270,2020-12-16 00:06:06.667621+00,2020-12-16 00:06:06.667634+00,,,CIGUDEG,,,3201,
3201271,2020-12-16 00:06:06.670256+00,2020-12-16 00:06:06.67027+00,,,SUKAJAYA,,,3201,
3201280,2020-12-16 00:06:06.672742+00,2020-12-16 00:06:06.672755+00,,,JASINGA,,,3201,
3201290,2020-12-16 00:06:06.67517+00,2020-12-16 00:06:06.675184+00,,,TENJO,,,3201,
3201300,2020-12-16 00:06:06.677795+00,2020-12-16 00:06:06.677809+00,,,PARUNG PANJANG,,,3201,
3202010,2020-12-16 00:06:06.680407+00,2020-12-16 00:06:06.680421+00,,,CIEMAS,,,3202,
3202020,2020-12-16 00:06:06.682874+00,2020-12-16 00:06:06.682886+00,,,CIRACAP,,,3202,
3202021,2020-12-16 00:06:06.685111+00,2020-12-16 00:06:06.685124+00,,,WALURAN,,,3202,
3202030,2020-12-16 00:06:06.68763+00,2020-12-16 00:06:06.687644+00,,,SURADE,,,3202,
3202031,2020-12-16 00:06:06.69003+00,2020-12-16 00:06:06.690043+00,,,CIBITUNG,,,3202,
3202040,2020-12-16 00:06:06.692316+00,2020-12-16 00:06:06.69233+00,,,JAMPANG KULON,,,3202,
3202041,2020-12-16 00:06:06.694692+00,2020-12-16 00:06:06.694709+00,,,CIMANGGU,,,3202,
3202050,2020-12-16 00:06:06.697659+00,2020-12-16 00:06:06.697708+00,,,KALI BUNDER,,,3202,
3202060,2020-12-16 00:06:06.701838+00,2020-12-16 00:06:06.701885+00,,,TEGAL BULEUD,,,3202,
3202070,2020-12-16 00:06:06.706178+00,2020-12-16 00:06:06.706225+00,,,CIDOLOG,,,3202,
3202080,2020-12-16 00:06:06.711033+00,2020-12-16 00:06:06.711048+00,,,SAGARANTEN,,,3202,
3202081,2020-12-16 00:06:06.714013+00,2020-12-16 00:06:06.714028+00,,,CIDADAP,,,3202,
3202082,2020-12-16 00:06:06.716717+00,2020-12-16 00:06:06.71673+00,,,CURUGKEMBAR,,,3202,
3202090,2020-12-16 00:06:06.719944+00,2020-12-16 00:06:06.719974+00,,,PABUARAN,,,3202,
3202100,2020-12-16 00:06:06.723366+00,2020-12-16 00:06:06.723397+00,,,LENGKONG,,,3202,
3202110,2020-12-16 00:06:06.726842+00,2020-12-16 00:06:06.726874+00,,,PALABUHANRATU,,,3202,
3202111,2020-12-16 00:06:06.730191+00,2020-12-16 00:06:06.730207+00,,,SIMPENAN,,,3202,
3202120,2020-12-16 00:06:06.732789+00,2020-12-16 00:06:06.732803+00,,,WARUNG KIARA,,,3202,
3202121,2020-12-16 00:06:06.735348+00,2020-12-16 00:06:06.735363+00,,,BANTARGADUNG,,,3202,
3202130,2020-12-16 00:06:06.73781+00,2020-12-16 00:06:06.737824+00,,,JAMPANG TENGAH,,,3202,
3202131,2020-12-16 00:06:06.740258+00,2020-12-16 00:06:06.740272+00,,,PURABAYA,,,3202,
3202140,2020-12-16 00:06:06.743071+00,2020-12-16 00:06:06.743085+00,,,CIKEMBAR,,,3202,
3202150,2020-12-16 00:06:06.746246+00,2020-12-16 00:06:06.746261+00,,,NYALINDUNG,,,3202,
3202160,2020-12-16 00:06:06.748887+00,2020-12-16 00:06:06.748901+00,,,GEGER BITUNG,,,3202,
3202170,2020-12-16 00:06:06.751455+00,2020-12-16 00:06:06.751478+00,,,SUKARAJA,,,3202,
3202171,2020-12-16 00:06:06.754315+00,2020-12-16 00:06:06.754348+00,,,KEBONPEDES,,,3202,
3202172,2020-12-16 00:06:06.758003+00,2020-12-16 00:06:06.758043+00,,,CIREUNGHAS,,,3202,
3202173,2020-12-16 00:06:06.761814+00,2020-12-16 00:06:06.761853+00,,,SUKALARANG,,,3202,
3202180,2020-12-16 00:06:06.765763+00,2020-12-16 00:06:06.765802+00,,,SUKABUMI,,,3202,
3202190,2020-12-16 00:06:06.768554+00,2020-12-16 00:06:06.768568+00,,,KADUDAMPIT,,,3202,
3202200,2020-12-16 00:06:06.771511+00,2020-12-16 00:06:06.771526+00,,,CISAAT,,,3202,
3202201,2020-12-16 00:06:06.77429+00,2020-12-16 00:06:06.774305+00,,,GUNUNGGURUH,,,3202,
3202210,2020-12-16 00:06:06.777159+00,2020-12-16 00:06:06.777173+00,,,CIBADAK,,,3202,
3202211,2020-12-16 00:06:06.780135+00,2020-12-16 00:06:06.78015+00,,,CICANTAYAN,,,3202,
3202212,2020-12-16 00:06:06.782807+00,2020-12-16 00:06:06.782822+00,,,CARINGIN,,,3202,
3202220,2020-12-16 00:06:06.785611+00,2020-12-16 00:06:06.785638+00,,,NAGRAK,,,3202,
3202221,2020-12-16 00:06:06.789113+00,2020-12-16 00:06:06.789136+00,,,CIAMBAR,,,3202,
3202230,2020-12-16 00:06:06.792269+00,2020-12-16 00:06:06.792292+00,,,CICURUG,,,3202,
3202240,2020-12-16 00:06:06.79516+00,2020-12-16 00:06:06.795197+00,,,CIDAHU,,,3202,
3202250,2020-12-16 00:06:06.799106+00,2020-12-16 00:06:06.799135+00,,,PARAKAN SALAK,,,3202,
3202260,2020-12-16 00:06:06.802201+00,2020-12-16 00:06:06.802216+00,,,PARUNG KUDA,,,3202,
3202261,2020-12-16 00:06:06.80507+00,2020-12-16 00:06:06.805085+00,,,BOJONG GENTENG,,,3202,
3202270,2020-12-16 00:06:06.807934+00,2020-12-16 00:06:06.807949+00,,,KALAPA NUNGGAL,,,3202,
3202280,2020-12-16 00:06:06.810764+00,2020-12-16 00:06:06.810779+00,,,CIKIDANG,,,3202,
3202290,2020-12-16 00:06:06.813641+00,2020-12-16 00:06:06.813655+00,,,CISOLOK,,,3202,
3202291,2020-12-16 00:06:06.816025+00,2020-12-16 00:06:06.816039+00,,,CIKAKAK,,,3202,
3202300,2020-12-16 00:06:06.817903+00,2020-12-16 00:06:06.817917+00,,,KABANDUNGAN,,,3202,
3203010,2020-12-16 00:06:06.81992+00,2020-12-16 00:06:06.819934+00,,,AGRABINTA,,,3203,
3203011,2020-12-16 00:06:06.822045+00,2020-12-16 00:06:06.82206+00,,,LELES,,,3203,
3203020,2020-12-16 00:06:06.824068+00,2020-12-16 00:06:06.824082+00,,,SINDANGBARANG,,,3203,
3203030,2020-12-16 00:06:06.826236+00,2020-12-16 00:06:06.82625+00,,,CIDAUN,,,3203,
3203040,2020-12-16 00:06:06.828612+00,2020-12-16 00:06:06.828626+00,,,NARINGGUL,,,3203,
3203050,2020-12-16 00:06:06.831526+00,2020-12-16 00:06:06.831541+00,,,CIBINONG,,,3203,
3203051,2020-12-16 00:06:06.833996+00,2020-12-16 00:06:06.83401+00,,,CIKADU,,,3203,
3203060,2020-12-16 00:06:06.836835+00,2020-12-16 00:06:06.83685+00,,,TANGGEUNG,,,3203,
3203061,2020-12-16 00:06:06.839407+00,2020-12-16 00:06:06.839421+00,,,PASIRKUDA,,,3203,
3203070,2020-12-16 00:06:06.841767+00,2020-12-16 00:06:06.841782+00,,,KADUPANDAK,,,3203,
3203071,2020-12-16 00:06:06.844132+00,2020-12-16 00:06:06.844146+00,,,CIJATI,,,3203,
3203080,2020-12-16 00:06:06.846226+00,2020-12-16 00:06:06.846242+00,,,TAKOKAK,,,3203,
3203090,2020-12-16 00:06:06.848478+00,2020-12-16 00:06:06.848492+00,,,SUKANAGARA,,,3203,
3203100,2020-12-16 00:06:06.850768+00,2020-12-16 00:06:06.850783+00,,,PAGELARAN,,,3203,
3203110,2020-12-16 00:06:06.852943+00,2020-12-16 00:06:06.852958+00,,,CAMPAKA,,,3203,
3203111,2020-12-16 00:06:06.855169+00,2020-12-16 00:06:06.855183+00,,,CAMPAKA MULYA,,,3203,
3203120,2020-12-16 00:06:06.857448+00,2020-12-16 00:06:06.857462+00,,,CIBEBER,,,3203,
3203130,2020-12-16 00:06:06.85965+00,2020-12-16 00:06:06.859664+00,,,WARUNGKONDANG,,,3203,
3203131,2020-12-16 00:06:06.862179+00,2020-12-16 00:06:06.862201+00,,,GEKBRONG,,,3203,
3203140,2020-12-16 00:06:06.864811+00,2020-12-16 00:06:06.864826+00,,,CILAKU,,,3203,
3203150,2020-12-16 00:06:06.867008+00,2020-12-16 00:06:06.867022+00,,,SUKALUYU,,,3203,
3203160,2020-12-16 00:06:06.869573+00,2020-12-16 00:06:06.869587+00,,,BOJONGPICUNG,,,3203,
3203161,2020-12-16 00:06:06.871789+00,2020-12-16 00:06:06.871803+00,,,HAURWANGI,,,3203,
3203170,2020-12-16 00:06:06.874202+00,2020-12-16 00:06:06.874216+00,,,CIRANJANG,,,3203,
3203180,2020-12-16 00:06:06.876509+00,2020-12-16 00:06:06.876522+00,,,MANDE,,,3203,
3203190,2020-12-16 00:06:06.879043+00,2020-12-16 00:06:06.879056+00,,,KARANGTENGAH,,,3203,
3203200,2020-12-16 00:06:06.881591+00,2020-12-16 00:06:06.881604+00,,,CIANJUR,,,3203,
3203210,2020-12-16 00:06:06.883892+00,2020-12-16 00:06:06.883904+00,,,CUGENANG,,,3203,
3203220,2020-12-16 00:06:06.88615+00,2020-12-16 00:06:06.886163+00,,,PACET,,,3203,
3203221,2020-12-16 00:06:06.888468+00,2020-12-16 00:06:06.888481+00,,,CIPANAS,,,3203,
3203230,2020-12-16 00:06:06.890826+00,2020-12-16 00:06:06.890839+00,,,SUKARESMI,,,3203,
3203240,2020-12-16 00:06:06.893178+00,2020-12-16 00:06:06.893191+00,,,CIKALONGKULON,,,3203,
3204010,2020-12-16 00:06:06.895736+00,2020-12-16 00:06:06.89575+00,,,CIWIDEY,,,3204,
3204011,2020-12-16 00:06:06.89827+00,2020-12-16 00:06:06.898283+00,,,RANCABALI,,,3204,
3204020,2020-12-16 00:06:06.901274+00,2020-12-16 00:06:06.9013+00,,,PASIRJAMBU,,,3204,
3204030,2020-12-16 00:06:06.904365+00,2020-12-16 00:06:06.904379+00,,,CIMAUNG,,,3204,
3204040,2020-12-16 00:06:06.907423+00,2020-12-16 00:06:06.907437+00,,,PANGALENGAN,,,3204,
3204050,2020-12-16 00:06:06.910115+00,2020-12-16 00:06:06.91013+00,,,KERTASARI,,,3204,
3204060,2020-12-16 00:06:06.91288+00,2020-12-16 00:06:06.912895+00,,,PACET,,,3204,
3204070,2020-12-16 00:06:06.915698+00,2020-12-16 00:06:06.915713+00,,,IBUN,,,3204,
3204080,2020-12-16 00:06:06.917971+00,2020-12-16 00:06:06.917986+00,,,PASEH,,,3204,
3204090,2020-12-16 00:06:06.920276+00,2020-12-16 00:06:06.920289+00,,,CIKANCUNG,,,3204,
3204100,2020-12-16 00:06:06.922658+00,2020-12-16 00:06:06.922673+00,,,CICALENGKA,,,3204,
3204101,2020-12-16 00:06:06.924814+00,2020-12-16 00:06:06.924829+00,,,NAGREG,,,3204,
3204110,2020-12-16 00:06:06.926802+00,2020-12-16 00:06:06.926817+00,,,RANCAEKEK,,,3204,
3204120,2020-12-16 00:06:06.928971+00,2020-12-16 00:06:06.928986+00,,,MAJALAYA,,,3204,
3204121,2020-12-16 00:06:06.93124+00,2020-12-16 00:06:06.931256+00,,,SOLOKAN JERUK,,,3204,
3204130,2020-12-16 00:06:06.933502+00,2020-12-16 00:06:06.933517+00,,,CIPARAY,,,3204,
3204140,2020-12-16 00:06:06.935996+00,2020-12-16 00:06:06.936011+00,,,BALEENDAH,,,3204,
3204150,2020-12-16 00:06:06.938402+00,2020-12-16 00:06:06.938417+00,,,ARJASARI,,,3204,
3204160,2020-12-16 00:06:06.941235+00,2020-12-16 00:06:06.94125+00,,,BANJARAN,,,3204,
3204161,2020-12-16 00:06:06.944207+00,2020-12-16 00:06:06.944222+00,,,CANGKUANG,,,3204,
3204170,2020-12-16 00:06:06.94705+00,2020-12-16 00:06:06.947065+00,,,PAMEUNGPEUK,,,3204,
3204180,2020-12-16 00:06:06.949966+00,2020-12-16 00:06:06.949981+00,,,KATAPANG,,,3204,
3204190,2020-12-16 00:06:06.952736+00,2020-12-16 00:06:06.952751+00,,,SOREANG,,,3204,
3204191,2020-12-16 00:06:06.955297+00,2020-12-16 00:06:06.955312+00,,,KUTAWARINGIN,,,3204,
3204250,2020-12-16 00:06:06.957663+00,2020-12-16 00:06:06.957677+00,,,MARGAASIH,,,3204,
3204260,2020-12-16 00:06:06.960003+00,2020-12-16 00:06:06.960017+00,,,MARGAHAYU,,,3204,
3204270,2020-12-16 00:06:06.962646+00,2020-12-16 00:06:06.962661+00,,,DAYEUHKOLOT,,,3204,
3204280,2020-12-16 00:06:06.965117+00,2020-12-16 00:06:06.965131+00,,,BOJONGSOANG,,,3204,
3204290,2020-12-16 00:06:06.967562+00,2020-12-16 00:06:06.967575+00,,,CILEUNYI,,,3204,
3204300,2020-12-16 00:06:06.970252+00,2020-12-16 00:06:06.970267+00,,,CILENGKRANG,,,3204,
3204310,2020-12-16 00:06:06.973113+00,2020-12-16 00:06:06.973127+00,,,CIMENYAN,,,3204,
3205010,2020-12-16 00:06:06.975901+00,2020-12-16 00:06:06.975917+00,,,CISEWU,,,3205,
3205011,2020-12-16 00:06:06.978853+00,2020-12-16 00:06:06.978868+00,,,CARINGIN,,,3205,
3205020,2020-12-16 00:06:06.982293+00,2020-12-16 00:06:06.982328+00,,,TALEGONG,,,3205,
3205030,2020-12-16 00:06:06.98573+00,2020-12-16 00:06:06.985753+00,,,BUNGBULANG,,,3205,
3205031,2020-12-16 00:06:06.989181+00,2020-12-16 00:06:06.989215+00,,,MEKARMUKTI,,,3205,
3205040,2020-12-16 00:06:06.992688+00,2020-12-16 00:06:06.992703+00,,,PAMULIHAN,,,3205,
3205050,2020-12-16 00:06:06.995227+00,2020-12-16 00:06:06.995242+00,,,PAKENJENG,,,3205,
3205060,2020-12-16 00:06:06.997737+00,2020-12-16 00:06:06.997752+00,,,CIKELET,,,3205,
3205070,2020-12-16 00:06:07.000469+00,2020-12-16 00:06:07.000488+00,,,PAMEUNGPEUK,,,3205,
3205080,2020-12-16 00:06:07.003322+00,2020-12-16 00:06:07.003383+00,,,CIBALONG,,,3205,
3205090,2020-12-16 00:06:07.008209+00,2020-12-16 00:06:07.008252+00,,,CISOMPET,,,3205,
3205100,2020-12-16 00:06:07.011257+00,2020-12-16 00:06:07.011272+00,,,PEUNDEUY,,,3205,
3205110,2020-12-16 00:06:07.013733+00,2020-12-16 00:06:07.013755+00,,,SINGAJAYA,,,3205,
3205111,2020-12-16 00:06:07.016599+00,2020-12-16 00:06:07.01662+00,,,CIHURIP,,,3205,
3205120,2020-12-16 00:06:07.019456+00,2020-12-16 00:06:07.019477+00,,,CIKAJANG,,,3205,
3205130,2020-12-16 00:06:07.022321+00,2020-12-16 00:06:07.022343+00,,,BANJARWANGI,,,3205,
3205140,2020-12-16 00:06:07.025103+00,2020-12-16 00:06:07.025123+00,,,CILAWU,,,3205,
3205150,2020-12-16 00:06:07.027839+00,2020-12-16 00:06:07.027859+00,,,BAYONGBONG,,,3205,
3205151,2020-12-16 00:06:07.031077+00,2020-12-16 00:06:07.031099+00,,,CIGEDUG,,,3205,
3205160,2020-12-16 00:06:07.033923+00,2020-12-16 00:06:07.033944+00,,,CISURUPAN,,,3205,
3205161,2020-12-16 00:06:07.037032+00,2020-12-16 00:06:07.037053+00,,,SUKARESMI,,,3205,
3205170,2020-12-16 00:06:07.0404+00,2020-12-16 00:06:07.040422+00,,,SAMARANG,,,3205,
3205171,2020-12-16 00:06:07.043912+00,2020-12-16 00:06:07.043934+00,,,PASIRWANGI,,,3205,
3205181,2020-12-16 00:06:07.047327+00,2020-12-16 00:06:07.047352+00,,,TAROGONG KIDUL,,,3205,
3205182,2020-12-16 00:06:07.050675+00,2020-12-16 00:06:07.0507+00,,,TAROGONG KALER,,,3205,
3205190,2020-12-16 00:06:07.053909+00,2020-12-16 00:06:07.053932+00,,,GARUT KOTA,,,3205,
3205200,2020-12-16 00:06:07.056699+00,2020-12-16 00:06:07.056721+00,,,KARANGPAWITAN,,,3205,
3205210,2020-12-16 00:06:07.059814+00,2020-12-16 00:06:07.059838+00,,,WANARAJA,,,3205,
3205211,2020-12-16 00:06:07.062828+00,2020-12-16 00:06:07.06285+00,,,SUCINARAJA,,,3205,
3205212,2020-12-16 00:06:07.065669+00,2020-12-16 00:06:07.06569+00,,,PANGATIKAN,,,3205,
3205220,2020-12-16 00:06:07.068594+00,2020-12-16 00:06:07.068617+00,,,SUKAWENING,,,3205,
3205221,2020-12-16 00:06:07.072095+00,2020-12-16 00:06:07.072119+00,,,KARANGTENGAH,,,3205,
3205230,2020-12-16 00:06:07.075597+00,2020-12-16 00:06:07.075624+00,,,BANYURESMI,,,3205,
3205240,2020-12-16 00:06:07.07938+00,2020-12-16 00:06:07.079394+00,,,LELES,,,3205,
3205250,2020-12-16 00:06:07.081787+00,2020-12-16 00:06:07.0818+00,,,LEUWIGOONG,,,3205,
3205260,2020-12-16 00:06:07.084312+00,2020-12-16 00:06:07.084325+00,,,CIBATU,,,3205,
3205261,2020-12-16 00:06:07.086703+00,2020-12-16 00:06:07.086715+00,,,KERSAMANAH,,,3205,
3205270,2020-12-16 00:06:07.08926+00,2020-12-16 00:06:07.089273+00,,,CIBIUK,,,3205,
3205280,2020-12-16 00:06:07.091884+00,2020-12-16 00:06:07.091898+00,,,KADUNGORA,,,3205,
3205290,2020-12-16 00:06:07.09469+00,2020-12-16 00:06:07.094704+00,,,BLUBUR LIMBANGAN,,,3205,
3205300,2020-12-16 00:06:07.096962+00,2020-12-16 00:06:07.096975+00,,,SELAAWI,,,3205,
3205310,2020-12-16 00:06:07.09917+00,2020-12-16 00:06:07.099182+00,,,MALANGBONG,,,3205,
3206010,2020-12-16 00:06:07.101563+00,2020-12-16 00:06:07.101577+00,,,CIPATUJAH,,,3206,
3206020,2020-12-16 00:06:07.104139+00,2020-12-16 00:06:07.104153+00,,,KARANGNUNGGAL,,,3206,
3206030,2020-12-16 00:06:07.106596+00,2020-12-16 00:06:07.106609+00,,,CIKALONG,,,3206,
3206040,2020-12-16 00:06:07.109293+00,2020-12-16 00:06:07.109312+00,,,PANCATENGAH,,,3206,
3206050,2020-12-16 00:06:07.11214+00,2020-12-16 00:06:07.112156+00,,,CIKATOMAS,,,3206,
3206060,2020-12-16 00:06:07.114514+00,2020-12-16 00:06:07.114527+00,,,CIBALONG,,,3206,
3206061,2020-12-16 00:06:07.11677+00,2020-12-16 00:06:07.116783+00,,,PARUNGPONTENG,,,3206,
3206070,2020-12-16 00:06:07.118939+00,2020-12-16 00:06:07.118951+00,,,BANTARKALONG,,,3206,
3206071,2020-12-16 00:06:07.1216+00,2020-12-16 00:06:07.121613+00,,,BOJONGASIH,,,3206,
3206072,2020-12-16 00:06:07.124241+00,2020-12-16 00:06:07.124254+00,,,CULAMEGA,,,3206,
3206080,2020-12-16 00:06:07.126832+00,2020-12-16 00:06:07.126845+00,,,BOJONGGAMBIR,,,3206,
3206090,2020-12-16 00:06:07.12935+00,2020-12-16 00:06:07.129364+00,,,SODONGHILIR,,,3206,
3206100,2020-12-16 00:06:07.132044+00,2020-12-16 00:06:07.132058+00,,,TARAJU,,,3206,
3206110,2020-12-16 00:06:07.134735+00,2020-12-16 00:06:07.134749+00,,,SALAWU,,,3206,
3206111,2020-12-16 00:06:07.137203+00,2020-12-16 00:06:07.137216+00,,,PUSPAHIANG,,,3206,
3206120,2020-12-16 00:06:07.139588+00,2020-12-16 00:06:07.139601+00,,,TANJUNGJAYA,,,3206,
3206130,2020-12-16 00:06:07.141867+00,2020-12-16 00:06:07.141879+00,,,SUKARAJA,,,3206,
3206140,2020-12-16 00:06:07.144141+00,2020-12-16 00:06:07.144153+00,,,SALOPA,,,3206,
3206141,2020-12-16 00:06:07.146382+00,2020-12-16 00:06:07.146394+00,,,JATIWARAS,,,3206,
3206150,2020-12-16 00:06:07.148817+00,2020-12-16 00:06:07.14883+00,,,CINEAM,,,3206,
3206151,2020-12-16 00:06:07.151742+00,2020-12-16 00:06:07.151755+00,,,KARANGJAYA,,,3206,
3206160,2020-12-16 00:06:07.154372+00,2020-12-16 00:06:07.154385+00,,,MANONJAYA,,,3206,
3206161,2020-12-16 00:06:07.156668+00,2020-12-16 00:06:07.156681+00,,,GUNUNGTANJUNG,,,3206,
3206190,2020-12-16 00:06:07.159256+00,2020-12-16 00:06:07.15927+00,,,SINGAPARNA,,,3206,
3206191,2020-12-16 00:06:07.162015+00,2020-12-16 00:06:07.162068+00,,,SUKARAME,,,3206,
3206192,2020-12-16 00:06:07.166473+00,2020-12-16 00:06:07.166506+00,,,MANGUNREJA,,,3206,
3206200,2020-12-16 00:06:07.170045+00,2020-12-16 00:06:07.170078+00,,,CIGALONTANG,,,3206,
3206210,2020-12-16 00:06:07.173698+00,2020-12-16 00:06:07.173731+00,,,LEUWISARI,,,3206,
3206211,2020-12-16 00:06:07.177195+00,2020-12-16 00:06:07.17721+00,,,SARIWANGI,,,3206,
3206212,2020-12-16 00:06:07.180196+00,2020-12-16 00:06:07.180211+00,,,PADAKEMBANG,,,3206,
3206221,2020-12-16 00:06:07.183234+00,2020-12-16 00:06:07.183249+00,,,SUKARATU,,,3206,
3206230,2020-12-16 00:06:07.186218+00,2020-12-16 00:06:07.186233+00,,,CISAYONG,,,3206,
3206231,2020-12-16 00:06:07.189343+00,2020-12-16 00:06:07.189366+00,,,SUKAHENING,,,3206,
3206240,2020-12-16 00:06:07.192302+00,2020-12-16 00:06:07.192325+00,,,RAJAPOLAH,,,3206,
3206250,2020-12-16 00:06:07.195198+00,2020-12-16 00:06:07.195272+00,,,JAMANIS,,,3206,
3206260,2020-12-16 00:06:07.198684+00,2020-12-16 00:06:07.198724+00,,,CIAWI,,,3206,
3206261,2020-12-16 00:06:07.202122+00,2020-12-16 00:06:07.202159+00,,,KADIPATEN,,,3206,
3206270,2020-12-16 00:06:07.205649+00,2020-12-16 00:06:07.205687+00,,,PAGERAGEUNG,,,3206,
3206271,2020-12-16 00:06:07.208979+00,2020-12-16 00:06:07.208992+00,,,SUKARESIK,,,3206,
3207100,2020-12-16 00:06:07.211384+00,2020-12-16 00:06:07.211403+00,,,BANJARSARI,,,3207,
3207110,2020-12-16 00:06:07.215459+00,2020-12-16 00:06:07.215505+00,,,LAKBOK,,,3207,
3207111,2020-12-16 00:06:07.219169+00,2020-12-16 00:06:07.219186+00,,,PURWADADI,,,3207,
3207120,2020-12-16 00:06:07.221686+00,2020-12-16 00:06:07.221701+00,,,PAMARICAN,,,3207,
3207130,2020-12-16 00:06:07.223988+00,2020-12-16 00:06:07.224003+00,,,CIDOLOG,,,3207,
3207140,2020-12-16 00:06:07.226085+00,2020-12-16 00:06:07.2261+00,,,CIMARAGAS,,,3207,
3207150,2020-12-16 00:06:07.228116+00,2020-12-16 00:06:07.22813+00,,,CIJEUNGJING,,,3207,
3207160,2020-12-16 00:06:07.230208+00,2020-12-16 00:06:07.230222+00,,,CISAGA,,,3207,
3207170,2020-12-16 00:06:07.232658+00,2020-12-16 00:06:07.232671+00,,,TAMBAKSARI,,,3207,
3207180,2020-12-16 00:06:07.235369+00,2020-12-16 00:06:07.235383+00,,,RANCAH,,,3207,
3207190,2020-12-16 00:06:07.237807+00,2020-12-16 00:06:07.23782+00,,,RAJADESA,,,3207,
3207200,2020-12-16 00:06:07.240156+00,2020-12-16 00:06:07.240168+00,,,SUKADANA,,,3207,
3207210,2020-12-16 00:06:07.242935+00,2020-12-16 00:06:07.24295+00,,,CIAMIS,,,3207,
3207211,2020-12-16 00:06:07.245326+00,2020-12-16 00:06:07.24534+00,,,BAREGBEG,,,3207,
3207220,2020-12-16 00:06:07.247904+00,2020-12-16 00:06:07.247918+00,,,CIKONENG,,,3207,
3207221,2020-12-16 00:06:07.250491+00,2020-12-16 00:06:07.250505+00,,,SINDANGKASIH,,,3207,
3207230,2020-12-16 00:06:07.253053+00,2020-12-16 00:06:07.253066+00,,,CIHAURBEUTI,,,3207,
3207240,2020-12-16 00:06:07.255705+00,2020-12-16 00:06:07.255719+00,,,SADANANYA,,,3207,
3207250,2020-12-16 00:06:07.258392+00,2020-12-16 00:06:07.258407+00,,,CIPAKU,,,3207,
3207260,2020-12-16 00:06:07.260877+00,2020-12-16 00:06:07.26089+00,,,JATINAGARA,,,3207,
3207270,2020-12-16 00:06:07.263486+00,2020-12-16 00:06:07.2635+00,,,PANAWANGAN,,,3207,
3207280,2020-12-16 00:06:07.266006+00,2020-12-16 00:06:07.266019+00,,,KAWALI,,,3207,
3207281,2020-12-16 00:06:07.26822+00,2020-12-16 00:06:07.268232+00,,,LUMBUNG,,,3207,
3207290,2020-12-16 00:06:07.270651+00,2020-12-16 00:06:07.270665+00,,,PANJALU,,,3207,
3207291,2020-12-16 00:06:07.273146+00,2020-12-16 00:06:07.273159+00,,,SUKAMANTRI,,,3207,
3207300,2020-12-16 00:06:07.275414+00,2020-12-16 00:06:07.275427+00,,,PANUMBANGAN,,,3207,
3208010,2020-12-16 00:06:07.277729+00,2020-12-16 00:06:07.277741+00,,,DARMA,,,3208,
3208020,2020-12-16 00:06:07.280034+00,2020-12-16 00:06:07.280047+00,,,KADUGEDE,,,3208,
3208021,2020-12-16 00:06:07.282614+00,2020-12-16 00:06:07.282629+00,,,NUSAHERANG,,,3208,
3208030,2020-12-16 00:06:07.285313+00,2020-12-16 00:06:07.285327+00,,,CINIRU,,,3208,
3208031,2020-12-16 00:06:07.287951+00,2020-12-16 00:06:07.287966+00,,,HANTARA,,,3208,
3208040,2020-12-16 00:06:07.290317+00,2020-12-16 00:06:07.290331+00,,,SELAJAMBE,,,3208,
3208050,2020-12-16 00:06:07.292632+00,2020-12-16 00:06:07.292645+00,,,SUBANG,,,3208,
3208051,2020-12-16 00:06:07.294914+00,2020-12-16 00:06:07.294927+00,,,CILEBAK,,,3208,
3208060,2020-12-16 00:06:07.297282+00,2020-12-16 00:06:07.297295+00,,,CIWARU,,,3208,
3208061,2020-12-16 00:06:07.299616+00,2020-12-16 00:06:07.299629+00,,,KARANGKANCANA,,,3208,
3208070,2020-12-16 00:06:07.302225+00,2020-12-16 00:06:07.302239+00,,,CIBINGBIN,,,3208,
3208071,2020-12-16 00:06:07.304808+00,2020-12-16 00:06:07.304821+00,,,CIBEUREUM,,,3208,
3208080,2020-12-16 00:06:07.30715+00,2020-12-16 00:06:07.307163+00,,,LURAGUNG,,,3208,
3208081,2020-12-16 00:06:07.309534+00,2020-12-16 00:06:07.309546+00,,,CIMAHI,,,3208,
3208090,2020-12-16 00:06:07.312142+00,2020-12-16 00:06:07.312155+00,,,CIDAHU,,,3208,
3208091,2020-12-16 00:06:07.314431+00,2020-12-16 00:06:07.314448+00,,,KALIMANGGIS,,,3208,
3208100,2020-12-16 00:06:07.316876+00,2020-12-16 00:06:07.31689+00,,,CIAWIGEBANG,,,3208,
3208101,2020-12-16 00:06:07.31936+00,2020-12-16 00:06:07.319374+00,,,CIPICUNG,,,3208,
3208110,2020-12-16 00:06:07.321874+00,2020-12-16 00:06:07.321888+00,,,LEBAKWANGI,,,3208,
3208111,2020-12-16 00:06:07.324587+00,2020-12-16 00:06:07.324601+00,,,MALEBER,,,3208,
3208120,2020-12-16 00:06:07.327158+00,2020-12-16 00:06:07.327171+00,,,GARAWANGI,,,3208,
3208121,2020-12-16 00:06:07.329785+00,2020-12-16 00:06:07.329799+00,,,SINDANGAGUNG,,,3208,
3208130,2020-12-16 00:06:07.332373+00,2020-12-16 00:06:07.332386+00,,,KUNINGAN,,,3208,
3208140,2020-12-16 00:06:07.334849+00,2020-12-16 00:06:07.334862+00,,,CIGUGUR,,,3208,
3208150,2020-12-16 00:06:07.337079+00,2020-12-16 00:06:07.337092+00,,,KRAMATMULYA,,,3208,
3208160,2020-12-16 00:06:07.33935+00,2020-12-16 00:06:07.339363+00,,,JALAKSANA,,,3208,
3208161,2020-12-16 00:06:07.341541+00,2020-12-16 00:06:07.341553+00,,,JAPARA,,,3208,
3208170,2020-12-16 00:06:07.343786+00,2020-12-16 00:06:07.343799+00,,,CILIMUS,,,3208,
3208171,2020-12-16 00:06:07.346059+00,2020-12-16 00:06:07.346072+00,,,CIGANDAMEKAR,,,3208,
3208180,2020-12-16 00:06:07.348379+00,2020-12-16 00:06:07.348391+00,,,MANDIRANCAN,,,3208,
3208181,2020-12-16 00:06:07.350615+00,2020-12-16 00:06:07.350628+00,,,PANCALANG,,,3208,
3208190,2020-12-16 00:06:07.353403+00,2020-12-16 00:06:07.353416+00,,,PASAWAHAN,,,3208,
3209010,2020-12-16 00:06:07.356616+00,2020-12-16 00:06:07.356679+00,,,WALED,,,3209,
3209011,2020-12-16 00:06:07.361437+00,2020-12-16 00:06:07.361484+00,,,PASALEMAN,,,3209,
3209020,2020-12-16 00:06:07.36492+00,2020-12-16 00:06:07.36495+00,,,CILEDUG,,,3209,
3209021,2020-12-16 00:06:07.36828+00,2020-12-16 00:06:07.36831+00,,,PABUARAN,,,3209,
3209030,2020-12-16 00:06:07.371752+00,2020-12-16 00:06:07.371776+00,,,LOSARI,,,3209,
3209031,2020-12-16 00:06:07.374749+00,2020-12-16 00:06:07.374762+00,,,PABEDILAN,,,3209,
3209040,2020-12-16 00:06:07.377285+00,2020-12-16 00:06:07.377298+00,,,BABAKAN,,,3209,
3209041,2020-12-16 00:06:07.379624+00,2020-12-16 00:06:07.379637+00,,,GEBANG,,,3209,
3209050,2020-12-16 00:06:07.381757+00,2020-12-16 00:06:07.381768+00,,,KARANGSEMBUNG,,,3209,
3209051,2020-12-16 00:06:07.38394+00,2020-12-16 00:06:07.383952+00,,,KARANGWARENG,,,3209,
3209060,2020-12-16 00:06:07.386023+00,2020-12-16 00:06:07.386035+00,,,LEMAHABANG,,,3209,
3209061,2020-12-16 00:06:07.388486+00,2020-12-16 00:06:07.388499+00,,,SUSUKANLEBAK,,,3209,
3209070,2020-12-16 00:06:07.390724+00,2020-12-16 00:06:07.390736+00,,,SEDONG,,,3209,
3209080,2020-12-16 00:06:07.392856+00,2020-12-16 00:06:07.392868+00,,,ASTANAJAPURA,,,3209,
3209081,2020-12-16 00:06:07.394997+00,2020-12-16 00:06:07.395009+00,,,PANGENAN,,,3209,
3209090,2020-12-16 00:06:07.397403+00,2020-12-16 00:06:07.397427+00,,,MUNDU,,,3209,
3209100,2020-12-16 00:06:07.400304+00,2020-12-16 00:06:07.400327+00,,,BEBER,,,3209,
3209101,2020-12-16 00:06:07.403157+00,2020-12-16 00:06:07.403181+00,,,GREGED,,,3209,
3209111,2020-12-16 00:06:07.406122+00,2020-12-16 00:06:07.406149+00,,,TALUN,,,3209,
3209120,2020-12-16 00:06:07.409086+00,2020-12-16 00:06:07.409113+00,,,SUMBER,,,3209,
3209121,2020-12-16 00:06:07.41247+00,2020-12-16 00:06:07.412497+00,,,DUKUPUNTANG,,,3209,
3209130,2020-12-16 00:06:07.415676+00,2020-12-16 00:06:07.415703+00,,,PALIMANAN,,,3209,
3209140,2020-12-16 00:06:07.418982+00,2020-12-16 00:06:07.419006+00,,,PLUMBON,,,3209,
3209141,2020-12-16 00:06:07.42256+00,2020-12-16 00:06:07.422581+00,,,DEPOK,,,3209,
3209150,2020-12-16 00:06:07.426104+00,2020-12-16 00:06:07.426126+00,,,WERU,,,3209,
3209151,2020-12-16 00:06:07.42924+00,2020-12-16 00:06:07.429261+00,,,PLERED,,,3209,
3301180,2020-12-16 00:06:08.324226+00,2020-12-16 00:06:08.324281+00,,,KROYA,,,3301,
3209161,2020-12-16 00:06:07.432467+00,2020-12-16 00:06:07.432488+00,,,TENGAH TANI,,,3209,
3209162,2020-12-16 00:06:07.435621+00,2020-12-16 00:06:07.435644+00,,,KEDAWUNG,,,3209,
3209171,2020-12-16 00:06:07.438316+00,2020-12-16 00:06:07.438339+00,,,GUNUNGJATI,,,3209,
3209180,2020-12-16 00:06:07.441225+00,2020-12-16 00:06:07.441249+00,,,KAPETAKAN,,,3209,
3209181,2020-12-16 00:06:07.444512+00,2020-12-16 00:06:07.444536+00,,,SURANENGGALA,,,3209,
3209190,2020-12-16 00:06:07.447783+00,2020-12-16 00:06:07.447808+00,,,KLANGENAN,,,3209,
3209191,2020-12-16 00:06:07.450921+00,2020-12-16 00:06:07.450944+00,,,JAMBLANG,,,3209,
3209200,2020-12-16 00:06:07.453871+00,2020-12-16 00:06:07.453891+00,,,ARJAWINANGUN,,,3209,
3209201,2020-12-16 00:06:07.456594+00,2020-12-16 00:06:07.456614+00,,,PANGURAGAN,,,3209,
3209210,2020-12-16 00:06:07.4593+00,2020-12-16 00:06:07.459322+00,,,CIWARINGIN,,,3209,
3209211,2020-12-16 00:06:07.462291+00,2020-12-16 00:06:07.462313+00,,,GEMPOL,,,3209,
3209220,2020-12-16 00:06:07.465576+00,2020-12-16 00:06:07.465603+00,,,SUSUKAN,,,3209,
3209230,2020-12-16 00:06:07.468735+00,2020-12-16 00:06:07.468765+00,,,GEGESIK,,,3209,
3209231,2020-12-16 00:06:07.472138+00,2020-12-16 00:06:07.472163+00,,,KALIWEDI,,,3209,
3210010,2020-12-16 00:06:07.475149+00,2020-12-16 00:06:07.475172+00,,,LEMAHSUGIH,,,3210,
3210020,2020-12-16 00:06:07.478233+00,2020-12-16 00:06:07.478256+00,,,BANTARUJEG,,,3210,
3210021,2020-12-16 00:06:07.481035+00,2020-12-16 00:06:07.481057+00,,,MALAUSMA,,,3210,
3210030,2020-12-16 00:06:07.483624+00,2020-12-16 00:06:07.483643+00,,,CIKIJING,,,3210,
3210031,2020-12-16 00:06:07.486205+00,2020-12-16 00:06:07.486225+00,,,CINGAMBUL,,,3210,
3210040,2020-12-16 00:06:07.488796+00,2020-12-16 00:06:07.488815+00,,,TALAGA,,,3210,
3210041,2020-12-16 00:06:07.491423+00,2020-12-16 00:06:07.491442+00,,,BANJARAN,,,3210,
3210050,2020-12-16 00:06:07.494212+00,2020-12-16 00:06:07.494233+00,,,ARGAPURA,,,3210,
3210060,2020-12-16 00:06:07.497078+00,2020-12-16 00:06:07.497112+00,,,MAJA,,,3210,
3210070,2020-12-16 00:06:07.501983+00,2020-12-16 00:06:07.50201+00,,,MAJALENGKA,,,3210,
3210080,2020-12-16 00:06:07.506+00,2020-12-16 00:06:07.506033+00,,,CIGASONG,,,3210,
3210090,2020-12-16 00:06:07.509781+00,2020-12-16 00:06:07.509811+00,,,SUKAHAJI,,,3210,
3210091,2020-12-16 00:06:07.513546+00,2020-12-16 00:06:07.513569+00,,,SINDANG,,,3210,
3210100,2020-12-16 00:06:07.516558+00,2020-12-16 00:06:07.516581+00,,,RAJAGALUH,,,3210,
3210110,2020-12-16 00:06:07.520095+00,2020-12-16 00:06:07.520136+00,,,SINDANGWANGI,,,3210,
3210120,2020-12-16 00:06:07.524409+00,2020-12-16 00:06:07.524448+00,,,LEUWIMUNDING,,,3210,
3210130,2020-12-16 00:06:07.528102+00,2020-12-16 00:06:07.528125+00,,,PALASAH,,,3210,
3210140,2020-12-16 00:06:07.531129+00,2020-12-16 00:06:07.53115+00,,,JATIWANGI,,,3210,
3210150,2020-12-16 00:06:07.533895+00,2020-12-16 00:06:07.533919+00,,,DAWUAN,,,3210,
3210151,2020-12-16 00:06:07.536827+00,2020-12-16 00:06:07.536851+00,,,KASOKANDEL,,,3210,
3210160,2020-12-16 00:06:07.540301+00,2020-12-16 00:06:07.540325+00,,,PANYINGKIRAN,,,3210,
3210170,2020-12-16 00:06:07.543421+00,2020-12-16 00:06:07.543445+00,,,KADIPATEN,,,3210,
3210180,2020-12-16 00:06:07.54652+00,2020-12-16 00:06:07.546542+00,,,KERTAJATI,,,3210,
3210190,2020-12-16 00:06:07.549547+00,2020-12-16 00:06:07.54957+00,,,JATITUJUH,,,3210,
3210200,2020-12-16 00:06:07.552531+00,2020-12-16 00:06:07.552553+00,,,LIGUNG,,,3210,
3210210,2020-12-16 00:06:07.555918+00,2020-12-16 00:06:07.555942+00,,,SUMBERJAYA,,,3210,
3211010,2020-12-16 00:06:07.559025+00,2020-12-16 00:06:07.559049+00,,,JATINANGOR,,,3211,
3211020,2020-12-16 00:06:07.562065+00,2020-12-16 00:06:07.562089+00,,,CIMANGGUNG,,,3211,
3211030,2020-12-16 00:06:07.565252+00,2020-12-16 00:06:07.565275+00,,,TANJUNGSARI,,,3211,
3211031,2020-12-16 00:06:07.568249+00,2020-12-16 00:06:07.568272+00,,,SUKASARI,,,3211,
3211032,2020-12-16 00:06:07.571828+00,2020-12-16 00:06:07.571852+00,,,PAMULIHAN,,,3211,
3211040,2020-12-16 00:06:07.574822+00,2020-12-16 00:06:07.574843+00,,,RANCAKALONG,,,3211,
3211050,2020-12-16 00:06:07.577991+00,2020-12-16 00:06:07.578017+00,,,SUMEDANG SELATAN,,,3211,
3211060,2020-12-16 00:06:07.581057+00,2020-12-16 00:06:07.581082+00,,,SUMEDANG UTARA,,,3211,
3211061,2020-12-16 00:06:07.584469+00,2020-12-16 00:06:07.584495+00,,,GANEAS,,,3211,
3211070,2020-12-16 00:06:07.588501+00,2020-12-16 00:06:07.588542+00,,,SITURAJA,,,3211,
3211071,2020-12-16 00:06:07.592427+00,2020-12-16 00:06:07.592453+00,,,CISITU,,,3211,
3211080,2020-12-16 00:06:07.595633+00,2020-12-16 00:06:07.595659+00,,,DARMARAJA,,,3211,
3211090,2020-12-16 00:06:07.598859+00,2020-12-16 00:06:07.598885+00,,,CIBUGEL,,,3211,
3211100,2020-12-16 00:06:07.602247+00,2020-12-16 00:06:07.602273+00,,,WADO,,,3211,
3211101,2020-12-16 00:06:07.605376+00,2020-12-16 00:06:07.605398+00,,,JATINUNGGAL,,,3211,
3211111,2020-12-16 00:06:07.608449+00,2020-12-16 00:06:07.608472+00,,,JATIGEDE,,,3211,
3211120,2020-12-16 00:06:07.611621+00,2020-12-16 00:06:07.611644+00,,,TOMO,,,3211,
3211130,2020-12-16 00:06:07.614824+00,2020-12-16 00:06:07.61485+00,,,UJUNG JAYA,,,3211,
3211140,2020-12-16 00:06:07.618093+00,2020-12-16 00:06:07.618119+00,,,CONGGEANG,,,3211,
3211150,2020-12-16 00:06:07.621365+00,2020-12-16 00:06:07.621391+00,,,PASEH,,,3211,
3211160,2020-12-16 00:06:07.624823+00,2020-12-16 00:06:07.624849+00,,,CIMALAKA,,,3211,
3211161,2020-12-16 00:06:07.627892+00,2020-12-16 00:06:07.627916+00,,,CISARUA,,,3211,
3211170,2020-12-16 00:06:07.63094+00,2020-12-16 00:06:07.630961+00,,,TANJUNGKERTA,,,3211,
3211171,2020-12-16 00:06:07.633859+00,2020-12-16 00:06:07.633879+00,,,TANJUNGMEDAR,,,3211,
3211180,2020-12-16 00:06:07.636741+00,2020-12-16 00:06:07.636762+00,,,BUAHDUA,,,3211,
3211181,2020-12-16 00:06:07.639514+00,2020-12-16 00:06:07.639535+00,,,SURIAN,,,3211,
3212010,2020-12-16 00:06:07.642211+00,2020-12-16 00:06:07.642232+00,,,HAURGEULIS,,,3212,
3212011,2020-12-16 00:06:07.644822+00,2020-12-16 00:06:07.644844+00,,,GANTAR,,,3212,
3212020,2020-12-16 00:06:07.647979+00,2020-12-16 00:06:07.648002+00,,,KROYA,,,3212,
3212030,2020-12-16 00:06:07.650542+00,2020-12-16 00:06:07.650563+00,,,GABUSWETAN,,,3212,
3212040,2020-12-16 00:06:07.653096+00,2020-12-16 00:06:07.653117+00,,,CIKEDUNG,,,3212,
3212041,2020-12-16 00:06:07.655688+00,2020-12-16 00:06:07.655708+00,,,TERISI,,,3212,
3212050,2020-12-16 00:06:07.658253+00,2020-12-16 00:06:07.658272+00,,,LELEA,,,3212,
3212060,2020-12-16 00:06:07.660941+00,2020-12-16 00:06:07.660961+00,,,BANGODUA,,,3212,
3212061,2020-12-16 00:06:07.664034+00,2020-12-16 00:06:07.664056+00,,,TUKDANA,,,3212,
3212070,2020-12-16 00:06:07.666635+00,2020-12-16 00:06:07.666654+00,,,WIDASARI,,,3212,
3212080,2020-12-16 00:06:07.669557+00,2020-12-16 00:06:07.669579+00,,,KERTASEMAYA,,,3212,
3212081,2020-12-16 00:06:07.672127+00,2020-12-16 00:06:07.672147+00,,,SUKAGUMIWANG,,,3212,
3212090,2020-12-16 00:06:07.67468+00,2020-12-16 00:06:07.6747+00,,,KRANGKENG,,,3212,
3212100,2020-12-16 00:06:07.677245+00,2020-12-16 00:06:07.677266+00,,,KARANGAMPEL,,,3212,
3212101,2020-12-16 00:06:07.679804+00,2020-12-16 00:06:07.679823+00,,,KEDOKAN BUNDER,,,3212,
3212110,2020-12-16 00:06:07.682259+00,2020-12-16 00:06:07.682279+00,,,JUNTINYUAT,,,3212,
3212120,2020-12-16 00:06:07.684886+00,2020-12-16 00:06:07.684907+00,,,SLIYEG,,,3212,
3212130,2020-12-16 00:06:07.687691+00,2020-12-16 00:06:07.687712+00,,,JATIBARANG,,,3212,
3212140,2020-12-16 00:06:07.690265+00,2020-12-16 00:06:07.690285+00,,,BALONGAN,,,3212,
3212150,2020-12-16 00:06:07.692856+00,2020-12-16 00:06:07.692876+00,,,INDRAMAYU,,,3212,
3212160,2020-12-16 00:06:07.696169+00,2020-12-16 00:06:07.696191+00,,,SINDANG,,,3212,
3212161,2020-12-16 00:06:07.698834+00,2020-12-16 00:06:07.698855+00,,,CANTIGI,,,3212,
3212162,2020-12-16 00:06:07.701396+00,2020-12-16 00:06:07.701416+00,,,PASEKAN,,,3212,
3212170,2020-12-16 00:06:07.704006+00,2020-12-16 00:06:07.704027+00,,,LOHBENER,,,3212,
3212171,2020-12-16 00:06:07.706542+00,2020-12-16 00:06:07.706564+00,,,ARAHAN,,,3212,
3212180,2020-12-16 00:06:07.709064+00,2020-12-16 00:06:07.709085+00,,,LOSARANG,,,3212,
3212190,2020-12-16 00:06:07.711611+00,2020-12-16 00:06:07.711632+00,,,KANDANGHAUR,,,3212,
3212200,2020-12-16 00:06:07.714177+00,2020-12-16 00:06:07.714189+00,,,BONGAS,,,3212,
3212210,2020-12-16 00:06:07.716314+00,2020-12-16 00:06:07.716326+00,,,ANJATAN,,,3212,
3212220,2020-12-16 00:06:07.71839+00,2020-12-16 00:06:07.718402+00,,,SUKRA,,,3212,
3212221,2020-12-16 00:06:07.720887+00,2020-12-16 00:06:07.720901+00,,,PATROL,,,3212,
3213010,2020-12-16 00:06:07.723935+00,2020-12-16 00:06:07.723949+00,,,SAGALAHERANG,,,3213,
3213011,2020-12-16 00:06:07.726791+00,2020-12-16 00:06:07.726806+00,,,SERANGPANJANG,,,3213,
3213020,2020-12-16 00:06:07.730403+00,2020-12-16 00:06:07.73043+00,,,JALANCAGAK,,,3213,
3213021,2020-12-16 00:06:07.733293+00,2020-12-16 00:06:07.733308+00,,,CIATER,,,3213,
3213030,2020-12-16 00:06:07.735847+00,2020-12-16 00:06:07.735861+00,,,CISALAK,,,3213,
3213031,2020-12-16 00:06:07.738373+00,2020-12-16 00:06:07.738388+00,,,KASOMALANG,,,3213,
3213040,2020-12-16 00:06:07.740816+00,2020-12-16 00:06:07.740831+00,,,TANJUNGSIANG,,,3213,
3213050,2020-12-16 00:06:07.743364+00,2020-12-16 00:06:07.743379+00,,,CIJAMBE,,,3213,
3213060,2020-12-16 00:06:07.746024+00,2020-12-16 00:06:07.746038+00,,,CIBOGO,,,3213,
3213070,2020-12-16 00:06:07.748621+00,2020-12-16 00:06:07.748634+00,,,SUBANG,,,3213,
3213080,2020-12-16 00:06:07.751113+00,2020-12-16 00:06:07.751126+00,,,KALIJATI,,,3213,
3213081,2020-12-16 00:06:07.753771+00,2020-12-16 00:06:07.753784+00,,,DAWUAN,,,3213,
3213090,2020-12-16 00:06:07.756468+00,2020-12-16 00:06:07.756481+00,,,CIPEUNDEUY,,,3213,
3213100,2020-12-16 00:06:07.759057+00,2020-12-16 00:06:07.759077+00,,,PABUARAN,,,3213,
3213110,2020-12-16 00:06:07.761685+00,2020-12-16 00:06:07.761706+00,,,PATOKBEUSI,,,3213,
3213120,2020-12-16 00:06:07.764175+00,2020-12-16 00:06:07.764195+00,,,PURWADADI,,,3213,
3213130,2020-12-16 00:06:07.766517+00,2020-12-16 00:06:07.766537+00,,,CIKAUM,,,3213,
3213140,2020-12-16 00:06:07.768963+00,2020-12-16 00:06:07.768976+00,,,PAGADEN,,,3213,
3213141,2020-12-16 00:06:07.771266+00,2020-12-16 00:06:07.771279+00,,,PAGADEN BARAT,,,3213,
3213150,2020-12-16 00:06:07.773593+00,2020-12-16 00:06:07.773605+00,,,CIPUNAGARA,,,3213,
3213160,2020-12-16 00:06:07.775754+00,2020-12-16 00:06:07.775766+00,,,COMPRENG,,,3213,
3213170,2020-12-16 00:06:07.777933+00,2020-12-16 00:06:07.777946+00,,,BINONG,,,3213,
3213171,2020-12-16 00:06:07.779843+00,2020-12-16 00:06:07.779856+00,,,TAMBAKDAHAN,,,3213,
3213180,2020-12-16 00:06:07.78155+00,2020-12-16 00:06:07.781562+00,,,CIASEM,,,3213,
3213190,2020-12-16 00:06:07.783298+00,2020-12-16 00:06:07.78331+00,,,PAMANUKAN,,,3213,
3213191,2020-12-16 00:06:07.784922+00,2020-12-16 00:06:07.784934+00,,,SUKASARI,,,3213,
3213200,2020-12-16 00:06:07.786657+00,2020-12-16 00:06:07.786669+00,,,PUSAKANAGARA,,,3213,
3213201,2020-12-16 00:06:07.78853+00,2020-12-16 00:06:07.788543+00,,,PUSAKAJAYA,,,3213,
3213210,2020-12-16 00:06:07.790469+00,2020-12-16 00:06:07.790482+00,,,LEGONKULON,,,3213,
3213220,2020-12-16 00:06:07.792305+00,2020-12-16 00:06:07.792318+00,,,BLANAKAN,,,3213,
3214010,2020-12-16 00:06:07.794011+00,2020-12-16 00:06:07.794023+00,,,JATILUHUR,,,3214,
3214011,2020-12-16 00:06:07.795779+00,2020-12-16 00:06:07.795804+00,,,SUKASARI,,,3214,
3214020,2020-12-16 00:06:07.797515+00,2020-12-16 00:06:07.797527+00,,,MANIIS,,,3214,
3214030,2020-12-16 00:06:07.799637+00,2020-12-16 00:06:07.799648+00,,,TEGAL WARU,,,3214,
3214040,2020-12-16 00:06:07.801436+00,2020-12-16 00:06:07.801449+00,,,PLERED,,,3214,
3214050,2020-12-16 00:06:07.803193+00,2020-12-16 00:06:07.803217+00,,,SUKATANI,,,3214,
3214060,2020-12-16 00:06:07.804937+00,2020-12-16 00:06:07.804949+00,,,DARANGDAN,,,3214,
3214070,2020-12-16 00:06:07.806586+00,2020-12-16 00:06:07.806597+00,,,BOJONG,,,3214,
3214080,2020-12-16 00:06:07.808356+00,2020-12-16 00:06:07.808369+00,,,WANAYASA,,,3214,
3214081,2020-12-16 00:06:07.810318+00,2020-12-16 00:06:07.810331+00,,,KIARAPEDES,,,3214,
3214090,2020-12-16 00:06:07.812064+00,2020-12-16 00:06:07.812077+00,,,PASAWAHAN,,,3214,
3214091,2020-12-16 00:06:07.813807+00,2020-12-16 00:06:07.813819+00,,,PONDOK SALAM,,,3214,
3214100,2020-12-16 00:06:07.815535+00,2020-12-16 00:06:07.815546+00,,,PURWAKARTA,,,3214,
3214101,2020-12-16 00:06:07.817256+00,2020-12-16 00:06:07.817267+00,,,BABAKANCIKAO,,,3214,
3214110,2020-12-16 00:06:07.819294+00,2020-12-16 00:06:07.819305+00,,,CAMPAKA,,,3214,
3214111,2020-12-16 00:06:07.821172+00,2020-12-16 00:06:07.821185+00,,,CIBATU,,,3214,
3214112,2020-12-16 00:06:07.823247+00,2020-12-16 00:06:07.82326+00,,,BUNGURSARI,,,3214,
3215010,2020-12-16 00:06:07.825404+00,2020-12-16 00:06:07.825416+00,,,PANGKALAN,,,3215,
3215011,2020-12-16 00:06:07.827513+00,2020-12-16 00:06:07.827526+00,,,TEGALWARU,,,3215,
3215020,2020-12-16 00:06:07.829645+00,2020-12-16 00:06:07.829658+00,,,CIAMPEL,,,3215,
3215031,2020-12-16 00:06:07.831925+00,2020-12-16 00:06:07.831941+00,,,TELUKJAMBE TIMUR,,,3215,
3215032,2020-12-16 00:06:07.83455+00,2020-12-16 00:06:07.834566+00,,,TELUKJAMBE BARAT,,,3215,
3215040,2020-12-16 00:06:07.836937+00,2020-12-16 00:06:07.836951+00,,,KLARI,,,3215,
3215050,2020-12-16 00:06:07.839168+00,2020-12-16 00:06:07.839181+00,,,CIKAMPEK,,,3215,
3215051,2020-12-16 00:06:07.841417+00,2020-12-16 00:06:07.841429+00,,,PURWASARI,,,3215,
3215060,2020-12-16 00:06:07.843576+00,2020-12-16 00:06:07.843588+00,,,TIRTAMULYA,,,3215,
3215070,2020-12-16 00:06:07.845845+00,2020-12-16 00:06:07.845857+00,,,JATISARI,,,3215,
3215071,2020-12-16 00:06:07.848133+00,2020-12-16 00:06:07.848146+00,,,BANYUSARI,,,3215,
3215072,2020-12-16 00:06:07.850359+00,2020-12-16 00:06:07.850372+00,,,KOTABARU,,,3215,
3215081,2020-12-16 00:06:07.852689+00,2020-12-16 00:06:07.852703+00,,,CILAMAYA WETAN,,,3215,
3215082,2020-12-16 00:06:07.854676+00,2020-12-16 00:06:07.854689+00,,,CILAMAYA KULON,,,3215,
3215090,2020-12-16 00:06:07.856582+00,2020-12-16 00:06:07.856594+00,,,LEMAHABANG,,,3215,
3215100,2020-12-16 00:06:07.858399+00,2020-12-16 00:06:07.858411+00,,,TALAGASARI,,,3215,
3215111,2020-12-16 00:06:07.860227+00,2020-12-16 00:06:07.860239+00,,,MAJALAYA,,,3215,
3215112,2020-12-16 00:06:07.862159+00,2020-12-16 00:06:07.862172+00,,,KARAWANG TIMUR,,,3215,
3215113,2020-12-16 00:06:07.864125+00,2020-12-16 00:06:07.864138+00,,,KARAWANG BARAT,,,3215,
3215120,2020-12-16 00:06:07.865995+00,2020-12-16 00:06:07.866007+00,,,RAWAMERTA,,,3215,
3215130,2020-12-16 00:06:07.867852+00,2020-12-16 00:06:07.867864+00,,,TEMPURAN,,,3215,
3215140,2020-12-16 00:06:07.869725+00,2020-12-16 00:06:07.869737+00,,,KUTAWALUYA,,,3215,
3215150,2020-12-16 00:06:07.871618+00,2020-12-16 00:06:07.87163+00,,,RENGASDENGKLOK,,,3215,
3215151,2020-12-16 00:06:07.873478+00,2020-12-16 00:06:07.87349+00,,,JAYAKERTA,,,3215,
3215160,2020-12-16 00:06:07.875818+00,2020-12-16 00:06:07.87583+00,,,PEDES,,,3215,
3215161,2020-12-16 00:06:07.877964+00,2020-12-16 00:06:07.877977+00,,,CILEBAR,,,3215,
3215170,2020-12-16 00:06:07.879998+00,2020-12-16 00:06:07.88001+00,,,CIBUAYA,,,3215,
3215180,2020-12-16 00:06:07.881906+00,2020-12-16 00:06:07.881918+00,,,TIRTAJAYA,,,3215,
3215190,2020-12-16 00:06:07.883827+00,2020-12-16 00:06:07.883838+00,,,BATUJAYA,,,3215,
3215200,2020-12-16 00:06:07.885808+00,2020-12-16 00:06:07.88582+00,,,PAKISJAYA,,,3215,
3216010,2020-12-16 00:06:07.887895+00,2020-12-16 00:06:07.887907+00,,,SETU,,,3216,
3216021,2020-12-16 00:06:07.890079+00,2020-12-16 00:06:07.890091+00,,,SERANG BARU,,,3216,
3216022,2020-12-16 00:06:07.892132+00,2020-12-16 00:06:07.892144+00,,,CIKARANG PUSAT,,,3216,
3216023,2020-12-16 00:06:07.894189+00,2020-12-16 00:06:07.894201+00,,,CIKARANG SELATAN,,,3216,
3216030,2020-12-16 00:06:07.896015+00,2020-12-16 00:06:07.896026+00,,,CIBARUSAH,,,3216,
3216031,2020-12-16 00:06:07.897747+00,2020-12-16 00:06:07.89776+00,,,BOJONGMANGU,,,3216,
3216041,2020-12-16 00:06:07.899442+00,2020-12-16 00:06:07.899455+00,,,CIKARANG TIMUR,,,3216,
3216050,2020-12-16 00:06:07.901173+00,2020-12-16 00:06:07.901185+00,,,KEDUNGWARINGIN,,,3216,
3216061,2020-12-16 00:06:07.902901+00,2020-12-16 00:06:07.902913+00,,,CIKARANG UTARA,,,3216,
3216062,2020-12-16 00:06:07.904634+00,2020-12-16 00:06:07.904647+00,,,KARANGBAHAGIA,,,3216,
3216070,2020-12-16 00:06:07.906922+00,2020-12-16 00:06:07.90696+00,,,CIBITUNG,,,3216,
3216071,2020-12-16 00:06:07.910437+00,2020-12-16 00:06:07.910479+00,,,CIKARANG BARAT,,,3216,
3216081,2020-12-16 00:06:07.914109+00,2020-12-16 00:06:07.914151+00,,,TAMBUN SELATAN,,,3216,
3216082,2020-12-16 00:06:07.918026+00,2020-12-16 00:06:07.918069+00,,,TAMBUN UTARA,,,3216,
3216090,2020-12-16 00:06:07.921707+00,2020-12-16 00:06:07.921721+00,,,BABELAN,,,3216,
3216100,2020-12-16 00:06:07.924194+00,2020-12-16 00:06:07.924209+00,,,TARUMAJAYA,,,3216,
3216110,2020-12-16 00:06:07.926813+00,2020-12-16 00:06:07.926827+00,,,TAMBELANG,,,3216,
3216111,2020-12-16 00:06:07.929543+00,2020-12-16 00:06:07.929557+00,,,SUKAWANGI,,,3216,
3216120,2020-12-16 00:06:07.932481+00,2020-12-16 00:06:07.932504+00,,,SUKATANI,,,3216,
3216121,2020-12-16 00:06:07.936298+00,2020-12-16 00:06:07.936337+00,,,SUKAKARYA,,,3216,
3216130,2020-12-16 00:06:07.940107+00,2020-12-16 00:06:07.940131+00,,,PEBAYURAN,,,3216,
3216140,2020-12-16 00:06:07.943221+00,2020-12-16 00:06:07.943235+00,,,CABANGBUNGIN,,,3216,
3216150,2020-12-16 00:06:07.945934+00,2020-12-16 00:06:07.945948+00,,,MUARA GEMBONG,,,3216,
3217010,2020-12-16 00:06:07.948559+00,2020-12-16 00:06:07.948573+00,,,RONGGA,,,3217,
3217020,2020-12-16 00:06:07.950852+00,2020-12-16 00:06:07.950866+00,,,GUNUNGHALU,,,3217,
3217030,2020-12-16 00:06:07.953695+00,2020-12-16 00:06:07.95371+00,,,SINDANGKERTA,,,3217,
3217040,2020-12-16 00:06:07.956253+00,2020-12-16 00:06:07.956268+00,,,CILILIN,,,3217,
3217050,2020-12-16 00:06:07.958898+00,2020-12-16 00:06:07.958912+00,,,CIHAMPELAS,,,3217,
3217060,2020-12-16 00:06:07.961435+00,2020-12-16 00:06:07.961449+00,,,CIPONGKOR,,,3217,
3217070,2020-12-16 00:06:07.964108+00,2020-12-16 00:06:07.964123+00,,,BATUJAJAR,,,3217,
3217071,2020-12-16 00:06:07.966621+00,2020-12-16 00:06:07.966635+00,,,SAGULING,,,3217,
3217080,2020-12-16 00:06:07.969114+00,2020-12-16 00:06:07.96913+00,,,CIPATAT,,,3217,
3217090,2020-12-16 00:06:07.971817+00,2020-12-16 00:06:07.971831+00,,,PADALARANG,,,3217,
3217100,2020-12-16 00:06:07.974454+00,2020-12-16 00:06:07.974469+00,,,NGAMPRAH,,,3217,
3217110,2020-12-16 00:06:07.97707+00,2020-12-16 00:06:07.977085+00,,,PARONGPONG,,,3217,
3217120,2020-12-16 00:06:07.979701+00,2020-12-16 00:06:07.979716+00,,,LEMBANG,,,3217,
3217130,2020-12-16 00:06:07.982436+00,2020-12-16 00:06:07.98245+00,,,CISARUA,,,3217,
3217140,2020-12-16 00:06:07.985119+00,2020-12-16 00:06:07.985133+00,,,CIKALONG WETAN,,,3217,
3217150,2020-12-16 00:06:07.987651+00,2020-12-16 00:06:07.987665+00,,,CIPEUNDEUY,,,3217,
3218010,2020-12-16 00:06:07.989954+00,2020-12-16 00:06:07.989969+00,,,CIMERAK,,,3218,
3218020,2020-12-16 00:06:07.992593+00,2020-12-16 00:06:07.992608+00,,,CIJULANG,,,3218,
3218030,2020-12-16 00:06:07.995229+00,2020-12-16 00:06:07.995244+00,,,CIGUGUR,,,3218,
3218040,2020-12-16 00:06:07.997701+00,2020-12-16 00:06:07.997714+00,,,LANGKAPLANCAR,,,3218,
3218050,2020-12-16 00:06:08.000348+00,2020-12-16 00:06:08.000363+00,,,PARIGI,,,3218,
3218060,2020-12-16 00:06:08.002895+00,2020-12-16 00:06:08.002909+00,,,SIDAMULIH,,,3218,
3218070,2020-12-16 00:06:08.005547+00,2020-12-16 00:06:08.005562+00,,,PANGANDARAN,,,3218,
3218080,2020-12-16 00:06:08.008022+00,2020-12-16 00:06:08.008036+00,,,KALIPUCANG,,,3218,
3218090,2020-12-16 00:06:08.010538+00,2020-12-16 00:06:08.010562+00,,,PADAHERANG,,,3218,
3218100,2020-12-16 00:06:08.013365+00,2020-12-16 00:06:08.01338+00,,,MANGUNJAYA,,,3218,
3271010,2020-12-16 00:06:08.015999+00,2020-12-16 00:06:08.016013+00,,,BOGOR SELATAN,,,3271,
3271020,2020-12-16 00:06:08.018554+00,2020-12-16 00:06:08.01857+00,,,BOGOR TIMUR,,,3271,
3271030,2020-12-16 00:06:08.021033+00,2020-12-16 00:06:08.021048+00,,,BOGOR UTARA,,,3271,
3271040,2020-12-16 00:06:08.02359+00,2020-12-16 00:06:08.023605+00,,,BOGOR TENGAH,,,3271,
3271050,2020-12-16 00:06:08.026149+00,2020-12-16 00:06:08.026164+00,,,BOGOR BARAT,,,3271,
3271060,2020-12-16 00:06:08.028566+00,2020-12-16 00:06:08.02858+00,,,TANAH SEREAL,,,3271,
3272010,2020-12-16 00:06:08.031231+00,2020-12-16 00:06:08.031245+00,,,BAROS,,,3272,
3272011,2020-12-16 00:06:08.03387+00,2020-12-16 00:06:08.033884+00,,,LEMBURSITU,,,3272,
3272012,2020-12-16 00:06:08.036553+00,2020-12-16 00:06:08.036567+00,,,CIBEUREUM,,,3272,
3272020,2020-12-16 00:06:08.039634+00,2020-12-16 00:06:08.039661+00,,,CITAMIANG,,,3272,
3272030,2020-12-16 00:06:08.042651+00,2020-12-16 00:06:08.042667+00,,,WARUDOYONG,,,3272,
3272040,2020-12-16 00:06:08.045451+00,2020-12-16 00:06:08.045465+00,,,GUNUNG PUYUH,,,3272,
3272050,2020-12-16 00:06:08.048089+00,2020-12-16 00:06:08.048103+00,,,CIKOLE,,,3272,
3273010,2020-12-16 00:06:08.051132+00,2020-12-16 00:06:08.051147+00,,,BANDUNG KULON,,,3273,
3273020,2020-12-16 00:06:08.05392+00,2020-12-16 00:06:08.053934+00,,,BABAKAN CIPARAY,,,3273,
3273030,2020-12-16 00:06:08.05653+00,2020-12-16 00:06:08.056544+00,,,BOJONGLOA KALER,,,3273,
3273040,2020-12-16 00:06:08.059142+00,2020-12-16 00:06:08.059156+00,,,BOJONGLOA KIDUL,,,3273,
3273050,2020-12-16 00:06:08.062012+00,2020-12-16 00:06:08.062027+00,,,ASTANAANYAR,,,3273,
3273060,2020-12-16 00:06:08.064661+00,2020-12-16 00:06:08.064675+00,,,REGOL,,,3273,
3273070,2020-12-16 00:06:08.067116+00,2020-12-16 00:06:08.067138+00,,,LENGKONG,,,3273,
3273080,2020-12-16 00:06:08.069589+00,2020-12-16 00:06:08.069605+00,,,BANDUNG KIDUL,,,3273,
3273090,2020-12-16 00:06:08.072438+00,2020-12-16 00:06:08.072452+00,,,BUAHBATU,,,3273,
3273100,2020-12-16 00:06:08.075171+00,2020-12-16 00:06:08.075186+00,,,RANCASARI,,,3273,
3273101,2020-12-16 00:06:08.077886+00,2020-12-16 00:06:08.077915+00,,,GEDEBAGE,,,3273,
3273110,2020-12-16 00:06:08.081381+00,2020-12-16 00:06:08.081417+00,,,CIBIRU,,,3273,
3273111,2020-12-16 00:06:08.085321+00,2020-12-16 00:06:08.085359+00,,,PANYILEUKAN,,,3273,
3273120,2020-12-16 00:06:08.08946+00,2020-12-16 00:06:08.089497+00,,,UJUNG BERUNG,,,3273,
3273121,2020-12-16 00:06:08.092556+00,2020-12-16 00:06:08.092571+00,,,CINAMBO,,,3273,
3273130,2020-12-16 00:06:08.095506+00,2020-12-16 00:06:08.095521+00,,,ARCAMANIK,,,3273,
3273141,2020-12-16 00:06:08.098457+00,2020-12-16 00:06:08.098472+00,,,ANTAPANI,,,3273,
3273142,2020-12-16 00:06:08.101009+00,2020-12-16 00:06:08.101025+00,,,MANDALAJATI,,,3273,
3273150,2020-12-16 00:06:08.103626+00,2020-12-16 00:06:08.103641+00,,,KIARACONDONG,,,3273,
3273160,2020-12-16 00:06:08.106034+00,2020-12-16 00:06:08.106048+00,,,BATUNUNGGAL,,,3273,
3273170,2020-12-16 00:06:08.108483+00,2020-12-16 00:06:08.108497+00,,,SUMUR BANDUNG,,,3273,
3273180,2020-12-16 00:06:08.111143+00,2020-12-16 00:06:08.111159+00,,,ANDIR,,,3273,
3273190,2020-12-16 00:06:08.113717+00,2020-12-16 00:06:08.113732+00,,,CICENDO,,,3273,
3273200,2020-12-16 00:06:08.116302+00,2020-12-16 00:06:08.116317+00,,,BANDUNG WETAN,,,3273,
3273210,2020-12-16 00:06:08.118811+00,2020-12-16 00:06:08.118835+00,,,CIBEUNYING KIDUL,,,3273,
3273220,2020-12-16 00:06:08.121849+00,2020-12-16 00:06:08.121873+00,,,CIBEUNYING KALER,,,3273,
3273230,2020-12-16 00:06:08.124721+00,2020-12-16 00:06:08.124736+00,,,COBLONG,,,3273,
3273240,2020-12-16 00:06:08.127602+00,2020-12-16 00:06:08.127617+00,,,SUKAJADI,,,3273,
3273250,2020-12-16 00:06:08.130323+00,2020-12-16 00:06:08.130338+00,,,SUKASARI,,,3273,
3273260,2020-12-16 00:06:08.133069+00,2020-12-16 00:06:08.133084+00,,,CIDADAP,,,3273,
3274010,2020-12-16 00:06:08.136032+00,2020-12-16 00:06:08.136047+00,,,HARJAMUKTI,,,3274,
3274020,2020-12-16 00:06:08.138961+00,2020-12-16 00:06:08.138976+00,,,LEMAHWUNGKUK,,,3274,
3274030,2020-12-16 00:06:08.141815+00,2020-12-16 00:06:08.14184+00,,,PEKALIPAN,,,3274,
3274040,2020-12-16 00:06:08.145061+00,2020-12-16 00:06:08.1451+00,,,KESAMBI,,,3274,
3274050,2020-12-16 00:06:08.148871+00,2020-12-16 00:06:08.148898+00,,,KEJAKSAN,,,3274,
3275010,2020-12-16 00:06:08.152174+00,2020-12-16 00:06:08.152201+00,,,PONDOKGEDE,,,3275,
3275011,2020-12-16 00:06:08.155286+00,2020-12-16 00:06:08.155313+00,,,JATISAMPURNA,,,3275,
3275012,2020-12-16 00:06:08.158221+00,2020-12-16 00:06:08.158244+00,,,PONDOKMELATI,,,3275,
3275020,2020-12-16 00:06:08.161181+00,2020-12-16 00:06:08.161203+00,,,JATIASIH,,,3275,
3275030,2020-12-16 00:06:08.164431+00,2020-12-16 00:06:08.164454+00,,,BANTARGEBANG,,,3275,
3275031,2020-12-16 00:06:08.167571+00,2020-12-16 00:06:08.167595+00,,,MUSTIKAJAYA,,,3275,
3275040,2020-12-16 00:06:08.170997+00,2020-12-16 00:06:08.171022+00,,,BEKASI TIMUR,,,3275,
3275041,2020-12-16 00:06:08.174234+00,2020-12-16 00:06:08.174259+00,,,RAWALUMBU,,,3275,
3275050,2020-12-16 00:06:08.177238+00,2020-12-16 00:06:08.17726+00,,,BEKASI SELATAN,,,3275,
3275060,2020-12-16 00:06:08.180217+00,2020-12-16 00:06:08.180241+00,,,BEKASI BARAT,,,3275,
3275061,2020-12-16 00:06:08.183147+00,2020-12-16 00:06:08.183171+00,,,MEDAN SATRIA,,,3275,
3275070,2020-12-16 00:06:08.186415+00,2020-12-16 00:06:08.186437+00,,,BEKASI UTARA,,,3275,
3276010,2020-12-16 00:06:08.189688+00,2020-12-16 00:06:08.189702+00,,,SAWANGAN,,,3276,
3276011,2020-12-16 00:06:08.192345+00,2020-12-16 00:06:08.192358+00,,,BOJONGSARI,,,3276,
3276020,2020-12-16 00:06:08.194797+00,2020-12-16 00:06:08.19481+00,,,PANCORAN MAS,,,3276,
3276021,2020-12-16 00:06:08.197701+00,2020-12-16 00:06:08.197716+00,,,CIPAYUNG,,,3276,
3276030,2020-12-16 00:06:08.200926+00,2020-12-16 00:06:08.200964+00,,,SUKMA JAYA,,,3276,
3276031,2020-12-16 00:06:08.204519+00,2020-12-16 00:06:08.204549+00,,,CILODONG,,,3276,
3276040,2020-12-16 00:06:08.207937+00,2020-12-16 00:06:08.207973+00,,,CIMANGGIS,,,3276,
3276041,2020-12-16 00:06:08.211269+00,2020-12-16 00:06:08.211282+00,,,TAPOS,,,3276,
3276050,2020-12-16 00:06:08.213953+00,2020-12-16 00:06:08.213968+00,,,BEJI,,,3276,
3276060,2020-12-16 00:06:08.216637+00,2020-12-16 00:06:08.216652+00,,,LIMO,,,3276,
3276061,2020-12-16 00:06:08.219629+00,2020-12-16 00:06:08.219646+00,,,CINERE,,,3276,
3277010,2020-12-16 00:06:08.222826+00,2020-12-16 00:06:08.222841+00,,,CIMAHI SELATAN,,,3277,
3277020,2020-12-16 00:06:08.225543+00,2020-12-16 00:06:08.225558+00,,,CIMAHI TENGAH,,,3277,
3277030,2020-12-16 00:06:08.22819+00,2020-12-16 00:06:08.228205+00,,,CIMAHI UTARA,,,3277,
3278010,2020-12-16 00:06:08.230714+00,2020-12-16 00:06:08.230728+00,,,KAWALU,,,3278,
3278020,2020-12-16 00:06:08.23345+00,2020-12-16 00:06:08.233463+00,,,TAMANSARI,,,3278,
3278030,2020-12-16 00:06:08.236433+00,2020-12-16 00:06:08.23645+00,,,CIBEUREUM,,,3278,
3278031,2020-12-16 00:06:08.239342+00,2020-12-16 00:06:08.239358+00,,,PURBARATU,,,3278,
3278040,2020-12-16 00:06:08.242385+00,2020-12-16 00:06:08.2424+00,,,TAWANG,,,3278,
3278050,2020-12-16 00:06:08.245246+00,2020-12-16 00:06:08.245265+00,,,CIHIDEUNG,,,3278,
3278060,2020-12-16 00:06:08.248063+00,2020-12-16 00:06:08.24808+00,,,MANGKUBUMI,,,3278,
3278070,2020-12-16 00:06:08.250948+00,2020-12-16 00:06:08.250963+00,,,INDIHIANG,,,3278,
3278071,2020-12-16 00:06:08.253831+00,2020-12-16 00:06:08.253846+00,,,BUNGURSARI,,,3278,
3278080,2020-12-16 00:06:08.256426+00,2020-12-16 00:06:08.25644+00,,,CIPEDES,,,3278,
3279010,2020-12-16 00:06:08.259405+00,2020-12-16 00:06:08.259419+00,,,BANJAR,,,3279,
3279020,2020-12-16 00:06:08.262107+00,2020-12-16 00:06:08.262122+00,,,PURWAHARJA,,,3279,
3279030,2020-12-16 00:06:08.26473+00,2020-12-16 00:06:08.264745+00,,,PATARUMAN,,,3279,
3279040,2020-12-16 00:06:08.267382+00,2020-12-16 00:06:08.267397+00,,,LANGENSARI,,,3279,
3301010,2020-12-16 00:06:08.270121+00,2020-12-16 00:06:08.270136+00,,,DAYEUHLUHUR,,,3301,
3301020,2020-12-16 00:06:08.272761+00,2020-12-16 00:06:08.272776+00,,,WANAREJA,,,3301,
3301030,2020-12-16 00:06:08.275397+00,2020-12-16 00:06:08.275411+00,,,MAJENANG,,,3301,
3301040,2020-12-16 00:06:08.277885+00,2020-12-16 00:06:08.277899+00,,,CIMANGGU,,,3301,
3301050,2020-12-16 00:06:08.280401+00,2020-12-16 00:06:08.280416+00,,,KARANGPUCUNG,,,3301,
3301060,2020-12-16 00:06:08.282842+00,2020-12-16 00:06:08.282856+00,,,CIPARI,,,3301,
3301070,2020-12-16 00:06:08.285411+00,2020-12-16 00:06:08.285426+00,,,SIDAREJA,,,3301,
3301080,2020-12-16 00:06:08.28777+00,2020-12-16 00:06:08.287785+00,,,KEDUNGREJA,,,3301,
3301090,2020-12-16 00:06:08.290368+00,2020-12-16 00:06:08.290384+00,,,PATIMUAN,,,3301,
3301100,2020-12-16 00:06:08.293027+00,2020-12-16 00:06:08.293042+00,,,GANDRUNGMANGU,,,3301,
3301110,2020-12-16 00:06:08.295746+00,2020-12-16 00:06:08.295761+00,,,BANTARSARI,,,3301,
3301120,2020-12-16 00:06:08.298433+00,2020-12-16 00:06:08.298448+00,,,KAWUNGANTEN,,,3301,
3301121,2020-12-16 00:06:08.301094+00,2020-12-16 00:06:08.301133+00,,,KAMPUNG LAUT,,,3301,
3301130,2020-12-16 00:06:08.305172+00,2020-12-16 00:06:08.305209+00,,,JERUKLEGI,,,3301,
3301140,2020-12-16 00:06:08.309351+00,2020-12-16 00:06:08.309389+00,,,KESUGIHAN,,,3301,
3301150,2020-12-16 00:06:08.31369+00,2020-12-16 00:06:08.313727+00,,,ADIPALA,,,3301,
3301160,2020-12-16 00:06:08.316496+00,2020-12-16 00:06:08.316509+00,,,MAOS,,,3301,
3301170,2020-12-16 00:06:08.319254+00,2020-12-16 00:06:08.319344+00,,,SAMPANG,,,3301,
3301190,2020-12-16 00:06:08.328624+00,2020-12-16 00:06:08.328649+00,,,BINANGUN,,,3301,
3301200,2020-12-16 00:06:08.332741+00,2020-12-16 00:06:08.332779+00,,,NUSAWUNGU,,,3301,
3301710,2020-12-16 00:06:08.336118+00,2020-12-16 00:06:08.336144+00,,,CILACAP SELATAN,,,3301,
3301720,2020-12-16 00:06:08.338982+00,2020-12-16 00:06:08.338996+00,,,CILACAP TENGAH,,,3301,
3301730,2020-12-16 00:06:08.341673+00,2020-12-16 00:06:08.341688+00,,,CILACAP UTARA,,,3301,
3302010,2020-12-16 00:06:08.344641+00,2020-12-16 00:06:08.344665+00,,,LUMBIR,,,3302,
3302020,2020-12-16 00:06:08.347369+00,2020-12-16 00:06:08.347385+00,,,WANGON,,,3302,
3302030,2020-12-16 00:06:08.350674+00,2020-12-16 00:06:08.350694+00,,,JATILAWANG,,,3302,
3302040,2020-12-16 00:06:08.353645+00,2020-12-16 00:06:08.353662+00,,,RAWALO,,,3302,
3302050,2020-12-16 00:06:08.356247+00,2020-12-16 00:06:08.35626+00,,,KEBASEN,,,3302,
3302060,2020-12-16 00:06:08.358621+00,2020-12-16 00:06:08.358634+00,,,KEMRANJEN,,,3302,
3302070,2020-12-16 00:06:08.361124+00,2020-12-16 00:06:08.361138+00,,,SUMPIUH,,,3302,
3302080,2020-12-16 00:06:08.363681+00,2020-12-16 00:06:08.363696+00,,,TAMBAK,,,3302,
3302090,2020-12-16 00:06:08.366253+00,2020-12-16 00:06:08.366268+00,,,SOMAGEDE,,,3302,
3302100,2020-12-16 00:06:08.368696+00,2020-12-16 00:06:08.368721+00,,,KALIBAGOR,,,3302,
3302110,2020-12-16 00:06:08.37202+00,2020-12-16 00:06:08.372047+00,,,BANYUMAS,,,3302,
3302120,2020-12-16 00:06:08.375539+00,2020-12-16 00:06:08.375572+00,,,PATIKRAJA,,,3302,
3302130,2020-12-16 00:06:08.379413+00,2020-12-16 00:06:08.379446+00,,,PURWOJATI,,,3302,
3302140,2020-12-16 00:06:08.383082+00,2020-12-16 00:06:08.383115+00,,,AJIBARANG,,,3302,
3302150,2020-12-16 00:06:08.386997+00,2020-12-16 00:06:08.387019+00,,,GUMELAR,,,3302,
3302160,2020-12-16 00:06:08.390124+00,2020-12-16 00:06:08.390147+00,,,PEKUNCEN,,,3302,
3302170,2020-12-16 00:06:08.393206+00,2020-12-16 00:06:08.393229+00,,,CILONGOK,,,3302,
3302180,2020-12-16 00:06:08.396324+00,2020-12-16 00:06:08.396347+00,,,KARANGLEWAS,,,3302,
3302190,2020-12-16 00:06:08.399393+00,2020-12-16 00:06:08.399418+00,,,KEDUNG BANTENG,,,3302,
3302200,2020-12-16 00:06:08.402667+00,2020-12-16 00:06:08.402693+00,,,BATURRADEN,,,3302,
3302210,2020-12-16 00:06:08.405878+00,2020-12-16 00:06:08.405904+00,,,SUMBANG,,,3302,
3302220,2020-12-16 00:06:08.409149+00,2020-12-16 00:06:08.409173+00,,,KEMBARAN,,,3302,
3302230,2020-12-16 00:06:08.412431+00,2020-12-16 00:06:08.412455+00,,,SOKARAJA,,,3302,
3302710,2020-12-16 00:06:08.415515+00,2020-12-16 00:06:08.415539+00,,,PURWOKERTO SELATAN,,,3302,
3302720,2020-12-16 00:06:08.41877+00,2020-12-16 00:06:08.418796+00,,,PURWOKERTO BARAT,,,3302,
3302730,2020-12-16 00:06:08.422418+00,2020-12-16 00:06:08.422442+00,,,PURWOKERTO TIMUR,,,3302,
3302740,2020-12-16 00:06:08.425897+00,2020-12-16 00:06:08.425921+00,,,PURWOKERTO UTARA,,,3302,
3303010,2020-12-16 00:06:08.429364+00,2020-12-16 00:06:08.429389+00,,,KEMANGKON,,,3303,
3303020,2020-12-16 00:06:08.433719+00,2020-12-16 00:06:08.433744+00,,,BUKATEJA,,,3303,
3303030,2020-12-16 00:06:08.437288+00,2020-12-16 00:06:08.437314+00,,,KEJOBONG,,,3303,
3303040,2020-12-16 00:06:08.440797+00,2020-12-16 00:06:08.440824+00,,,PENGADEGAN,,,3303,
3303050,2020-12-16 00:06:08.444413+00,2020-12-16 00:06:08.444441+00,,,KALIGONDANG,,,3303,
3303060,2020-12-16 00:06:08.448025+00,2020-12-16 00:06:08.448053+00,,,PURBALINGGA,,,3303,
3303070,2020-12-16 00:06:08.451744+00,2020-12-16 00:06:08.451791+00,,,KALIMANAH,,,3303,
3303080,2020-12-16 00:06:08.456117+00,2020-12-16 00:06:08.456147+00,,,PADAMARA,,,3303,
3303090,2020-12-16 00:06:08.459209+00,2020-12-16 00:06:08.459231+00,,,KUTASARI,,,3303,
3303100,2020-12-16 00:06:08.46185+00,2020-12-16 00:06:08.461864+00,,,BOJONGSARI,,,3303,
3303110,2020-12-16 00:06:08.464468+00,2020-12-16 00:06:08.464483+00,,,MREBET,,,3303,
3303120,2020-12-16 00:06:08.467256+00,2020-12-16 00:06:08.467271+00,,,BOBOTSARI,,,3303,
3303130,2020-12-16 00:06:08.470151+00,2020-12-16 00:06:08.470166+00,,,KARANGREJA,,,3303,
3303131,2020-12-16 00:06:08.472873+00,2020-12-16 00:06:08.472888+00,,,KARANGJAMBU,,,3303,
3303140,2020-12-16 00:06:08.475668+00,2020-12-16 00:06:08.475682+00,,,KARANGANYAR,,,3303,
3303141,2020-12-16 00:06:08.478264+00,2020-12-16 00:06:08.47828+00,,,KERTANEGARA,,,3303,
3303150,2020-12-16 00:06:08.481006+00,2020-12-16 00:06:08.481021+00,,,KARANGMONCOL,,,3303,
3303160,2020-12-16 00:06:08.484149+00,2020-12-16 00:06:08.484164+00,,,REMBANG,,,3303,
3304010,2020-12-16 00:06:08.487175+00,2020-12-16 00:06:08.48719+00,,,SUSUKAN,,,3304,
3304020,2020-12-16 00:06:08.490074+00,2020-12-16 00:06:08.490088+00,,,PURWAREJA KLAMPOK,,,3304,
3304030,2020-12-16 00:06:08.492746+00,2020-12-16 00:06:08.492761+00,,,MANDIRAJA,,,3304,
3304040,2020-12-16 00:06:08.495448+00,2020-12-16 00:06:08.495463+00,,,PURWANEGARA,,,3304,
3304050,2020-12-16 00:06:08.4982+00,2020-12-16 00:06:08.498216+00,,,BAWANG,,,3304,
3304060,2020-12-16 00:06:08.502499+00,2020-12-16 00:06:08.502548+00,,,BANJARNEGARA,,,3304,
3304061,2020-12-16 00:06:08.506972+00,2020-12-16 00:06:08.506999+00,,,PAGEDONGAN,,,3304,
3304070,2020-12-16 00:06:08.510215+00,2020-12-16 00:06:08.510237+00,,,SIGALUH,,,3304,
3304080,2020-12-16 00:06:08.513401+00,2020-12-16 00:06:08.513425+00,,,MADUKARA,,,3304,
3304090,2020-12-16 00:06:08.516613+00,2020-12-16 00:06:08.516637+00,,,BANJARMANGU,,,3304,
3304100,2020-12-16 00:06:08.519841+00,2020-12-16 00:06:08.519864+00,,,WANADADI,,,3304,
3304110,2020-12-16 00:06:08.523077+00,2020-12-16 00:06:08.523101+00,,,RAKIT,,,3304,
3304120,2020-12-16 00:06:08.526094+00,2020-12-16 00:06:08.526119+00,,,PUNGGELAN,,,3304,
3304130,2020-12-16 00:06:08.529149+00,2020-12-16 00:06:08.529172+00,,,KARANGKOBAR,,,3304,
3304140,2020-12-16 00:06:08.53234+00,2020-12-16 00:06:08.532363+00,,,PAGENTAN,,,3304,
3304150,2020-12-16 00:06:08.535576+00,2020-12-16 00:06:08.535599+00,,,PEJAWARAN,,,3304,
3304160,2020-12-16 00:06:08.538829+00,2020-12-16 00:06:08.538854+00,,,BATUR,,,3304,
3304170,2020-12-16 00:06:08.542275+00,2020-12-16 00:06:08.5423+00,,,WANAYASA,,,3304,
3304180,2020-12-16 00:06:08.545531+00,2020-12-16 00:06:08.545557+00,,,KALIBENING,,,3304,
3304181,2020-12-16 00:06:08.548832+00,2020-12-16 00:06:08.548856+00,,,PANDANARUM,,,3304,
3305010,2020-12-16 00:06:08.552011+00,2020-12-16 00:06:08.552035+00,,,AYAH,,,3305,
3305020,2020-12-16 00:06:08.555392+00,2020-12-16 00:06:08.555417+00,,,BUAYAN,,,3305,
3305030,2020-12-16 00:06:08.55907+00,2020-12-16 00:06:08.559112+00,,,PURING,,,3305,
3305040,2020-12-16 00:06:08.563277+00,2020-12-16 00:06:08.563316+00,,,PETANAHAN,,,3305,
3305050,2020-12-16 00:06:08.567056+00,2020-12-16 00:06:08.567091+00,,,KLIRONG,,,3305,
3305060,2020-12-16 00:06:08.570082+00,2020-12-16 00:06:08.570097+00,,,BULUSPESANTREN,,,3305,
3305070,2020-12-16 00:06:08.572794+00,2020-12-16 00:06:08.572809+00,,,AMBAL,,,3305,
3305080,2020-12-16 00:06:08.575408+00,2020-12-16 00:06:08.575423+00,,,MIRIT,,,3305,
3305081,2020-12-16 00:06:08.578291+00,2020-12-16 00:06:08.578306+00,,,BONOROWO,,,3305,
3305090,2020-12-16 00:06:08.581123+00,2020-12-16 00:06:08.581138+00,,,PREMBUN,,,3305,
3305091,2020-12-16 00:06:08.583892+00,2020-12-16 00:06:08.583906+00,,,PADURESO,,,3305,
3305100,2020-12-16 00:06:08.586454+00,2020-12-16 00:06:08.586467+00,,,KUTOWINANGUN,,,3305,
3305110,2020-12-16 00:06:08.588951+00,2020-12-16 00:06:08.588963+00,,,ALIAN,,,3305,
3305111,2020-12-16 00:06:08.591492+00,2020-12-16 00:06:08.591503+00,,,PONCOWARNO,,,3305,
3305120,2020-12-16 00:06:08.593982+00,2020-12-16 00:06:08.593994+00,,,KEBUMEN,,,3305,
3305130,2020-12-16 00:06:08.597595+00,2020-12-16 00:06:08.597609+00,,,PEJAGOAN,,,3305,
3305140,2020-12-16 00:06:08.601976+00,2020-12-16 00:06:08.602017+00,,,SRUWENG,,,3305,
3305150,2020-12-16 00:06:08.606937+00,2020-12-16 00:06:08.606983+00,,,ADIMULYO,,,3305,
3305160,2020-12-16 00:06:08.611583+00,2020-12-16 00:06:08.611599+00,,,KUWARASAN,,,3305,
3305170,2020-12-16 00:06:08.614027+00,2020-12-16 00:06:08.614039+00,,,ROWOKELE,,,3305,
3305180,2020-12-16 00:06:08.616373+00,2020-12-16 00:06:08.616386+00,,,SEMPOR,,,3305,
3305190,2020-12-16 00:06:08.619046+00,2020-12-16 00:06:08.619059+00,,,GOMBONG,,,3305,
3305200,2020-12-16 00:06:08.621812+00,2020-12-16 00:06:08.621825+00,,,KARANGANYAR,,,3305,
3305210,2020-12-16 00:06:08.624061+00,2020-12-16 00:06:08.624074+00,,,KARANGGAYAM,,,3305,
3305220,2020-12-16 00:06:08.626613+00,2020-12-16 00:06:08.626627+00,,,SADANG,,,3305,
3305221,2020-12-16 00:06:08.629177+00,2020-12-16 00:06:08.62919+00,,,KARANGSAMBUNG,,,3305,
3306010,2020-12-16 00:06:08.631841+00,2020-12-16 00:06:08.631856+00,,,GRABAG,,,3306,
3306020,2020-12-16 00:06:08.634634+00,2020-12-16 00:06:08.634648+00,,,NGOMBOL,,,3306,
3306030,2020-12-16 00:06:08.637229+00,2020-12-16 00:06:08.637242+00,,,PURWODADI,,,3306,
3306040,2020-12-16 00:06:08.639896+00,2020-12-16 00:06:08.639911+00,,,BAGELEN,,,3306,
3306050,2020-12-16 00:06:08.642608+00,2020-12-16 00:06:08.642622+00,,,KALIGESING,,,3306,
3306060,2020-12-16 00:06:08.645265+00,2020-12-16 00:06:08.645279+00,,,PURWOREJO,,,3306,
3306070,2020-12-16 00:06:08.647796+00,2020-12-16 00:06:08.647809+00,,,BANYU URIP,,,3306,
3306080,2020-12-16 00:06:08.650166+00,2020-12-16 00:06:08.650178+00,,,BAYAN,,,3306,
3306090,2020-12-16 00:06:08.652618+00,2020-12-16 00:06:08.652631+00,,,KUTOARJO,,,3306,
3306100,2020-12-16 00:06:08.655095+00,2020-12-16 00:06:08.655109+00,,,BUTUH,,,3306,
3306110,2020-12-16 00:06:08.657539+00,2020-12-16 00:06:08.657553+00,,,PITURUH,,,3306,
3306120,2020-12-16 00:06:08.66034+00,2020-12-16 00:06:08.66041+00,,,KEMIRI,,,3306,
3306130,2020-12-16 00:06:08.66595+00,2020-12-16 00:06:08.666022+00,,,BRUNO,,,3306,
3306140,2020-12-16 00:06:08.670819+00,2020-12-16 00:06:08.670835+00,,,GEBANG,,,3306,
3306150,2020-12-16 00:06:08.673645+00,2020-12-16 00:06:08.67366+00,,,LOANO,,,3306,
3306160,2020-12-16 00:06:08.676801+00,2020-12-16 00:06:08.676815+00,,,BENER,,,3306,
3307010,2020-12-16 00:06:08.679672+00,2020-12-16 00:06:08.679687+00,,,WADASLINTANG,,,3307,
3307020,2020-12-16 00:06:08.682284+00,2020-12-16 00:06:08.682298+00,,,KEPIL,,,3307,
3307030,2020-12-16 00:06:08.684718+00,2020-12-16 00:06:08.684733+00,,,SAPURAN,,,3307,
3307031,2020-12-16 00:06:08.687137+00,2020-12-16 00:06:08.687151+00,,,KALIBAWANG,,,3307,
3307040,2020-12-16 00:06:08.689611+00,2020-12-16 00:06:08.689625+00,,,KALIWIRO,,,3307,
3307050,2020-12-16 00:06:08.692376+00,2020-12-16 00:06:08.69239+00,,,LEKSONO,,,3307,
3307051,2020-12-16 00:06:08.694936+00,2020-12-16 00:06:08.694949+00,,,SUKOHARJO,,,3307,
3307060,2020-12-16 00:06:08.697391+00,2020-12-16 00:06:08.697404+00,,,SELOMERTO,,,3307,
3307070,2020-12-16 00:06:08.699809+00,2020-12-16 00:06:08.699824+00,,,KALIKAJAR,,,3307,
3307080,2020-12-16 00:06:08.702433+00,2020-12-16 00:06:08.702448+00,,,KERTEK,,,3307,
3307090,2020-12-16 00:06:08.705026+00,2020-12-16 00:06:08.70504+00,,,WONOSOBO,,,3307,
3307100,2020-12-16 00:06:08.707683+00,2020-12-16 00:06:08.707697+00,,,WATUMALANG,,,3307,
3307110,2020-12-16 00:06:08.710532+00,2020-12-16 00:06:08.710547+00,,,MOJOTENGAH,,,3307,
3307120,2020-12-16 00:06:08.713409+00,2020-12-16 00:06:08.713424+00,,,GARUNG,,,3307,
3307130,2020-12-16 00:06:08.716322+00,2020-12-16 00:06:08.716345+00,,,KEJAJAR,,,3307,
3308010,2020-12-16 00:06:08.719191+00,2020-12-16 00:06:08.719243+00,,,SALAMAN,,,3308,
3308020,2020-12-16 00:06:08.722446+00,2020-12-16 00:06:08.722471+00,,,BOROBUDUR,,,3308,
3308030,2020-12-16 00:06:08.725843+00,2020-12-16 00:06:08.725865+00,,,NGLUWAR,,,3308,
3308040,2020-12-16 00:06:08.729099+00,2020-12-16 00:06:08.729122+00,,,SALAM,,,3308,
3308050,2020-12-16 00:06:08.732334+00,2020-12-16 00:06:08.732357+00,,,SRUMBUNG,,,3308,
3308060,2020-12-16 00:06:08.735319+00,2020-12-16 00:06:08.735339+00,,,DUKUN,,,3308,
3308070,2020-12-16 00:06:08.738227+00,2020-12-16 00:06:08.738249+00,,,MUNTILAN,,,3308,
3308080,2020-12-16 00:06:08.741196+00,2020-12-16 00:06:08.741218+00,,,MUNGKID,,,3308,
3308090,2020-12-16 00:06:08.744312+00,2020-12-16 00:06:08.744335+00,,,SAWANGAN,,,3308,
3308100,2020-12-16 00:06:08.747256+00,2020-12-16 00:06:08.747279+00,,,CANDIMULYO,,,3308,
3308110,2020-12-16 00:06:08.75027+00,2020-12-16 00:06:08.750294+00,,,MERTOYUDAN,,,3308,
3308120,2020-12-16 00:06:08.753283+00,2020-12-16 00:06:08.753307+00,,,TEMPURAN,,,3308,
3308130,2020-12-16 00:06:08.756754+00,2020-12-16 00:06:08.75678+00,,,KAJORAN,,,3308,
3308140,2020-12-16 00:06:08.759985+00,2020-12-16 00:06:08.760009+00,,,KALIANGKRIK,,,3308,
3308150,2020-12-16 00:06:08.762904+00,2020-12-16 00:06:08.762927+00,,,BANDONGAN,,,3308,
3308160,2020-12-16 00:06:08.765881+00,2020-12-16 00:06:08.765904+00,,,WINDUSARI,,,3308,
3308170,2020-12-16 00:06:08.769762+00,2020-12-16 00:06:08.769804+00,,,SECANG,,,3308,
3308180,2020-12-16 00:06:08.773206+00,2020-12-16 00:06:08.773222+00,,,TEGALREJO,,,3308,
3308190,2020-12-16 00:06:08.776415+00,2020-12-16 00:06:08.776429+00,,,PAKIS,,,3308,
3308200,2020-12-16 00:06:08.779316+00,2020-12-16 00:06:08.779331+00,,,GRABAG,,,3308,
3308210,2020-12-16 00:06:08.782383+00,2020-12-16 00:06:08.782397+00,,,NGABLAK,,,3308,
3309010,2020-12-16 00:06:08.785496+00,2020-12-16 00:06:08.785529+00,,,SELO,,,3309,
3309020,2020-12-16 00:06:08.788406+00,2020-12-16 00:06:08.788433+00,,,AMPEL,,,3309,
3309030,2020-12-16 00:06:08.791592+00,2020-12-16 00:06:08.791607+00,,,CEPOGO,,,3309,
3309040,2020-12-16 00:06:08.794428+00,2020-12-16 00:06:08.794451+00,,,MUSUK,,,3309,
3309050,2020-12-16 00:06:08.797497+00,2020-12-16 00:06:08.797518+00,,,BOYOLALI,,,3309,
3309060,2020-12-16 00:06:08.800591+00,2020-12-16 00:06:08.800617+00,,,MOJOSONGO,,,3309,
3309070,2020-12-16 00:06:08.803927+00,2020-12-16 00:06:08.803951+00,,,TERAS,,,3309,
3309080,2020-12-16 00:06:08.806635+00,2020-12-16 00:06:08.80665+00,,,SAWIT,,,3309,
3309090,2020-12-16 00:06:08.809238+00,2020-12-16 00:06:08.809252+00,,,BANYUDONO,,,3309,
3309100,2020-12-16 00:06:08.811948+00,2020-12-16 00:06:08.811963+00,,,SAMBI,,,3309,
3309110,2020-12-16 00:06:08.814609+00,2020-12-16 00:06:08.814622+00,,,NGEMPLAK,,,3309,
3309120,2020-12-16 00:06:08.817506+00,2020-12-16 00:06:08.817529+00,,,NOGOSARI,,,3309,
3309130,2020-12-16 00:06:08.820517+00,2020-12-16 00:06:08.820538+00,,,SIMO,,,3309,
3309140,2020-12-16 00:06:08.823252+00,2020-12-16 00:06:08.823273+00,,,KARANGGEDE,,,3309,
3309150,2020-12-16 00:06:08.825832+00,2020-12-16 00:06:08.825844+00,,,KLEGO,,,3309,
3309160,2020-12-16 00:06:08.828078+00,2020-12-16 00:06:08.82809+00,,,ANDONG,,,3309,
3309170,2020-12-16 00:06:08.830398+00,2020-12-16 00:06:08.830409+00,,,KEMUSU,,,3309,
3309180,2020-12-16 00:06:08.832632+00,2020-12-16 00:06:08.832646+00,,,WONOSEGORO,,,3309,
3309190,2020-12-16 00:06:08.834971+00,2020-12-16 00:06:08.834984+00,,,JUWANGI,,,3309,
3310010,2020-12-16 00:06:08.837343+00,2020-12-16 00:06:08.837356+00,,,PRAMBANAN,,,3310,
3310020,2020-12-16 00:06:08.839486+00,2020-12-16 00:06:08.839499+00,,,GANTIWARNO,,,3310,
3310030,2020-12-16 00:06:08.84257+00,2020-12-16 00:06:08.842603+00,,,WEDI,,,3310,
3310040,2020-12-16 00:06:08.846086+00,2020-12-16 00:06:08.846114+00,,,BAYAT,,,3310,
3310050,2020-12-16 00:06:08.849698+00,2020-12-16 00:06:08.849734+00,,,CAWAS,,,3310,
3310060,2020-12-16 00:06:08.853731+00,2020-12-16 00:06:08.853767+00,,,TRUCUK,,,3310,
3310070,2020-12-16 00:06:08.857573+00,2020-12-16 00:06:08.857589+00,,,KALIKOTES,,,3310,
3310080,2020-12-16 00:06:08.860517+00,2020-12-16 00:06:08.860532+00,,,KEBONARUM,,,3310,
3310090,2020-12-16 00:06:08.863495+00,2020-12-16 00:06:08.863511+00,,,JOGONALAN,,,3310,
3310100,2020-12-16 00:06:08.866496+00,2020-12-16 00:06:08.86651+00,,,MANISRENGGO,,,3310,
3310110,2020-12-16 00:06:08.869297+00,2020-12-16 00:06:08.869312+00,,,KARANGNONGKO,,,3310,
3310120,2020-12-16 00:06:08.873329+00,2020-12-16 00:06:08.873376+00,,,NGAWEN,,,3310,
3310130,2020-12-16 00:06:08.877399+00,2020-12-16 00:06:08.877444+00,,,CEPER,,,3310,
3310140,2020-12-16 00:06:08.881876+00,2020-12-16 00:06:08.881919+00,,,PEDAN,,,3310,
3310150,2020-12-16 00:06:08.88519+00,2020-12-16 00:06:08.885216+00,,,KARANGDOWO,,,3310,
3310160,2020-12-16 00:06:08.888686+00,2020-12-16 00:06:08.888714+00,,,JUWIRING,,,3310,
3310170,2020-12-16 00:06:08.892217+00,2020-12-16 00:06:08.892249+00,,,WONOSARI,,,3310,
3310180,2020-12-16 00:06:08.89575+00,2020-12-16 00:06:08.895778+00,,,DELANGGU,,,3310,
3310190,2020-12-16 00:06:08.899144+00,2020-12-16 00:06:08.899174+00,,,Polanharjo,,,3310,
3310200,2020-12-16 00:06:08.903057+00,2020-12-16 00:06:08.903073+00,,,KARANGANOM,,,3310,
3310210,2020-12-16 00:06:08.905935+00,2020-12-16 00:06:08.90595+00,,,TULUNG,,,3310,
3310220,2020-12-16 00:06:08.908761+00,2020-12-16 00:06:08.908776+00,,,JATINOM,,,3310,
3310230,2020-12-16 00:06:08.911581+00,2020-12-16 00:06:08.911596+00,,,KEMALANG,,,3310,
3310710,2020-12-16 00:06:08.914304+00,2020-12-16 00:06:08.914319+00,,,KLATEN SELATAN,,,3310,
3310720,2020-12-16 00:06:08.916852+00,2020-12-16 00:06:08.916866+00,,,KLATEN TENGAH,,,3310,
3310730,2020-12-16 00:06:08.919196+00,2020-12-16 00:06:08.919225+00,,,KLATEN UTARA,,,3310,
3311010,2020-12-16 00:06:08.922019+00,2020-12-16 00:06:08.922034+00,,,WERU,,,3311,
3311020,2020-12-16 00:06:08.92472+00,2020-12-16 00:06:08.924734+00,,,BULU,,,3311,
3311030,2020-12-16 00:06:08.927521+00,2020-12-16 00:06:08.927536+00,,,TAWANGSARI,,,3311,
3311040,2020-12-16 00:06:08.930363+00,2020-12-16 00:06:08.930378+00,,,SUKOHARJO,,,3311,
3311050,2020-12-16 00:06:08.933057+00,2020-12-16 00:06:08.933072+00,,,NGUTER,,,3311,
3311060,2020-12-16 00:06:08.935635+00,2020-12-16 00:06:08.935649+00,,,BENDOSARI,,,3311,
3311070,2020-12-16 00:06:08.938383+00,2020-12-16 00:06:08.938397+00,,,POLOKARTO,,,3311,
3311080,2020-12-16 00:06:08.940982+00,2020-12-16 00:06:08.940997+00,,,MOJOLABAN,,,3311,
3311090,2020-12-16 00:06:08.943707+00,2020-12-16 00:06:08.943723+00,,,GROGOL,,,3311,
3311100,2020-12-16 00:06:08.946478+00,2020-12-16 00:06:08.946493+00,,,BAKI,,,3311,
3311110,2020-12-16 00:06:08.949168+00,2020-12-16 00:06:08.949183+00,,,GATAK,,,3311,
3311120,2020-12-16 00:06:08.951929+00,2020-12-16 00:06:08.951944+00,,,KARTASURA,,,3311,
3312010,2020-12-16 00:06:08.954665+00,2020-12-16 00:06:08.95468+00,,,PRACIMANTORO,,,3312,
3312020,2020-12-16 00:06:08.957216+00,2020-12-16 00:06:08.95723+00,,,PARANGGUPITO,,,3312,
3312030,2020-12-16 00:06:08.959682+00,2020-12-16 00:06:08.959697+00,,,GIRITONTRO,,,3312,
3312040,2020-12-16 00:06:08.962254+00,2020-12-16 00:06:08.962268+00,,,GIRIWOYO,,,3312,
3312050,2020-12-16 00:06:08.964869+00,2020-12-16 00:06:08.964884+00,,,BATUWARNO,,,3312,
3312060,2020-12-16 00:06:08.967361+00,2020-12-16 00:06:08.967375+00,,,KARANGTENGAH,,,3312,
3312070,2020-12-16 00:06:08.969817+00,2020-12-16 00:06:08.969839+00,,,TIRTOMOYO,,,3312,
3312080,2020-12-16 00:06:08.972666+00,2020-12-16 00:06:08.972681+00,,,NGUNTORONADI,,,3312,
3312090,2020-12-16 00:06:08.975091+00,2020-12-16 00:06:08.975106+00,,,BATURETNO,,,3312,
3312100,2020-12-16 00:06:08.978049+00,2020-12-16 00:06:08.978077+00,,,EROMOKO,,,3312,
3312110,2020-12-16 00:06:08.981827+00,2020-12-16 00:06:08.981863+00,,,WURYANTORO,,,3312,
3312120,2020-12-16 00:06:08.985801+00,2020-12-16 00:06:08.985837+00,,,MANYARAN,,,3312,
3312130,2020-12-16 00:06:08.989699+00,2020-12-16 00:06:08.989736+00,,,SELOGIRI,,,3312,
3312140,2020-12-16 00:06:08.992562+00,2020-12-16 00:06:08.992575+00,,,WONOGIRI,,,3312,
3312150,2020-12-16 00:06:08.995163+00,2020-12-16 00:06:08.995177+00,,,NGADIROJO,,,3312,
3312160,2020-12-16 00:06:08.997537+00,2020-12-16 00:06:08.99755+00,,,SIDOHARJO,,,3312,
3312170,2020-12-16 00:06:09.000794+00,2020-12-16 00:06:09.000831+00,,,JATIROTO,,,3312,
3312180,2020-12-16 00:06:09.004896+00,2020-12-16 00:06:09.004939+00,,,KISMANTORO,,,3312,
3312190,2020-12-16 00:06:09.009037+00,2020-12-16 00:06:09.00908+00,,,PURWANTORO,,,3312,
3312200,2020-12-16 00:06:09.01279+00,2020-12-16 00:06:09.012807+00,,,BULUKERTO,,,3312,
3312201,2020-12-16 00:06:09.015557+00,2020-12-16 00:06:09.015572+00,,,PUHPELEM,,,3312,
3312210,2020-12-16 00:06:09.018237+00,2020-12-16 00:06:09.018251+00,,,SLOGOHIMO,,,3312,
3312220,2020-12-16 00:06:09.021149+00,2020-12-16 00:06:09.021164+00,,,JATISRONO,,,3312,
3312230,2020-12-16 00:06:09.024065+00,2020-12-16 00:06:09.02408+00,,,JATIPURNO,,,3312,
3312240,2020-12-16 00:06:09.027022+00,2020-12-16 00:06:09.027037+00,,,GIRIMARTO,,,3312,
3313010,2020-12-16 00:06:09.029855+00,2020-12-16 00:06:09.02987+00,,,JATIPURO,,,3313,
3313020,2020-12-16 00:06:09.032644+00,2020-12-16 00:06:09.032659+00,,,JATIYOSO,,,3313,
3313030,2020-12-16 00:06:09.035183+00,2020-12-16 00:06:09.035197+00,,,JUMAPOLO,,,3313,
3313040,2020-12-16 00:06:09.037647+00,2020-12-16 00:06:09.037661+00,,,JUMANTONO,,,3313,
3313050,2020-12-16 00:06:09.040131+00,2020-12-16 00:06:09.040145+00,,,MATESIH,,,3313,
3313060,2020-12-16 00:06:09.042911+00,2020-12-16 00:06:09.042926+00,,,TAWANGMANGU,,,3313,
3313070,2020-12-16 00:06:09.045739+00,2020-12-16 00:06:09.045754+00,,,NGARGOYOSO,,,3313,
3313080,2020-12-16 00:06:09.048503+00,2020-12-16 00:06:09.048518+00,,,KARANGPANDAN,,,3313,
3313090,2020-12-16 00:06:09.051251+00,2020-12-16 00:06:09.051267+00,,,KARANGANYAR,,,3313,
3313100,2020-12-16 00:06:09.053833+00,2020-12-16 00:06:09.053848+00,,,TASIKMADU,,,3313,
3313110,2020-12-16 00:06:09.05662+00,2020-12-16 00:06:09.056642+00,,,JATEN,,,3313,
3313120,2020-12-16 00:06:09.059453+00,2020-12-16 00:06:09.059475+00,,,COLOMADU,,,3313,
3313130,2020-12-16 00:06:09.06237+00,2020-12-16 00:06:09.062393+00,,,GONDANGREJO,,,3313,
3313140,2020-12-16 00:06:09.065507+00,2020-12-16 00:06:09.065531+00,,,KEBAKKRAMAT,,,3313,
3313150,2020-12-16 00:06:09.068758+00,2020-12-16 00:06:09.068783+00,,,MOJOGEDANG,,,3313,
3313160,2020-12-16 00:06:09.072125+00,2020-12-16 00:06:09.07215+00,,,KERJO,,,3313,
3313170,2020-12-16 00:06:09.075273+00,2020-12-16 00:06:09.075298+00,,,JENAWI,,,3313,
3314010,2020-12-16 00:06:09.078289+00,2020-12-16 00:06:09.078302+00,,,KALIJAMBE,,,3314,
3314020,2020-12-16 00:06:09.081416+00,2020-12-16 00:06:09.081443+00,,,PLUPUH,,,3314,
3314030,2020-12-16 00:06:09.084577+00,2020-12-16 00:06:09.084594+00,,,MASARAN,,,3314,
3314040,2020-12-16 00:06:09.08734+00,2020-12-16 00:06:09.087355+00,,,KEDAWUNG,,,3314,
3314050,2020-12-16 00:06:09.089885+00,2020-12-16 00:06:09.0899+00,,,SAMBIREJO,,,3314,
3314060,2020-12-16 00:06:09.092349+00,2020-12-16 00:06:09.092364+00,,,GONDANG,,,3314,
3314070,2020-12-16 00:06:09.094801+00,2020-12-16 00:06:09.094816+00,,,SAMBUNG MACAN,,,3314,
3314080,2020-12-16 00:06:09.09727+00,2020-12-16 00:06:09.097285+00,,,NGRAMPAL,,,3314,
3314090,2020-12-16 00:06:09.100494+00,2020-12-16 00:06:09.100542+00,,,KARANGMALANG,,,3314,
3314100,2020-12-16 00:06:09.104088+00,2020-12-16 00:06:09.104124+00,,,SRAGEN,,,3314,
3314110,2020-12-16 00:06:09.107396+00,2020-12-16 00:06:09.107416+00,,,SIDOHARJO,,,3314,
3314120,2020-12-16 00:06:09.110453+00,2020-12-16 00:06:09.110476+00,,,TANON,,,3314,
3314130,2020-12-16 00:06:09.113937+00,2020-12-16 00:06:09.11396+00,,,GEMOLONG,,,3314,
3314140,2020-12-16 00:06:09.116877+00,2020-12-16 00:06:09.1169+00,,,MIRI,,,3314,
3314150,2020-12-16 00:06:09.119859+00,2020-12-16 00:06:09.119883+00,,,SUMBERLAWANG,,,3314,
3314160,2020-12-16 00:06:09.122927+00,2020-12-16 00:06:09.12295+00,,,MONDOKAN,,,3314,
3314170,2020-12-16 00:06:09.126362+00,2020-12-16 00:06:09.126387+00,,,SUKODONO,,,3314,
3314180,2020-12-16 00:06:09.129717+00,2020-12-16 00:06:09.129743+00,,,GESI,,,3314,
3314190,2020-12-16 00:06:09.13281+00,2020-12-16 00:06:09.132834+00,,,TANGEN,,,3314,
3314200,2020-12-16 00:06:09.13639+00,2020-12-16 00:06:09.136414+00,,,JENAR,,,3314,
3315010,2020-12-16 00:06:09.140108+00,2020-12-16 00:06:09.140133+00,,,KEDUNGJATI,,,3315,
3315020,2020-12-16 00:06:09.143833+00,2020-12-16 00:06:09.143859+00,,,KARANGRAYUNG,,,3315,
3315030,2020-12-16 00:06:09.147335+00,2020-12-16 00:06:09.147362+00,,,PENAWANGAN,,,3315,
3315040,2020-12-16 00:06:09.150686+00,2020-12-16 00:06:09.150711+00,,,TOROH,,,3315,
3315050,2020-12-16 00:06:09.153867+00,2020-12-16 00:06:09.153889+00,,,GEYER,,,3315,
3315060,2020-12-16 00:06:09.156836+00,2020-12-16 00:06:09.156859+00,,,PULOKULON,,,3315,
3315070,2020-12-16 00:06:09.160106+00,2020-12-16 00:06:09.16013+00,,,KRADENAN,,,3315,
3315080,2020-12-16 00:06:09.16362+00,2020-12-16 00:06:09.163642+00,,,GABUS,,,3315,
3315090,2020-12-16 00:06:09.167082+00,2020-12-16 00:06:09.167108+00,,,NGARINGAN,,,3315,
3315100,2020-12-16 00:06:09.170394+00,2020-12-16 00:06:09.17042+00,,,WIROSARI,,,3315,
3315110,2020-12-16 00:06:09.173614+00,2020-12-16 00:06:09.17364+00,,,TAWANGHARJO,,,3315,
3315120,2020-12-16 00:06:09.176736+00,2020-12-16 00:06:09.176761+00,,,GROBOGAN,,,3315,
3315130,2020-12-16 00:06:09.179868+00,2020-12-16 00:06:09.179906+00,,,PURWODADI,,,3315,
3315140,2020-12-16 00:06:09.183191+00,2020-12-16 00:06:09.183256+00,,,BRATI,,,3315,
3315150,2020-12-16 00:06:09.187254+00,2020-12-16 00:06:09.187295+00,,,KLAMBU,,,3315,
3315160,2020-12-16 00:06:09.19159+00,2020-12-16 00:06:09.191626+00,,,GODONG,,,3315,
3315170,2020-12-16 00:06:09.195241+00,2020-12-16 00:06:09.195256+00,,,GUBUG,,,3315,
3315180,2020-12-16 00:06:09.198058+00,2020-12-16 00:06:09.198073+00,,,TEGOWANU,,,3315,
3315190,2020-12-16 00:06:09.201085+00,2020-12-16 00:06:09.201134+00,,,TANGGUNGHARJO,,,3315,
3316010,2020-12-16 00:06:09.205646+00,2020-12-16 00:06:09.205694+00,,,JATI,,,3316,
3316020,2020-12-16 00:06:09.209854+00,2020-12-16 00:06:09.209868+00,,,RANDUBLATUNG,,,3316,
3316030,2020-12-16 00:06:09.212566+00,2020-12-16 00:06:09.21258+00,,,KRADENAN,,,3316,
3316040,2020-12-16 00:06:09.215188+00,2020-12-16 00:06:09.215216+00,,,KEDUNGTUBAN,,,3316,
3316050,2020-12-16 00:06:09.217818+00,2020-12-16 00:06:09.217833+00,,,CEPU,,,3316,
3316060,2020-12-16 00:06:09.22194+00,2020-12-16 00:06:09.221988+00,,,SAMBONG,,,3316,
3316070,2020-12-16 00:06:09.226127+00,2020-12-16 00:06:09.226153+00,,,JIKEN,,,3316,
3316080,2020-12-16 00:06:09.229237+00,2020-12-16 00:06:09.229262+00,,,BOGOREJO,,,3316,
3316090,2020-12-16 00:06:09.232496+00,2020-12-16 00:06:09.232521+00,,,JEPON,,,3316,
3316100,2020-12-16 00:06:09.235787+00,2020-12-16 00:06:09.235812+00,,,KOTA BLORA,,,3316,
3316110,2020-12-16 00:06:09.2389+00,2020-12-16 00:06:09.238923+00,,,BANJAREJO,,,3316,
3316120,2020-12-16 00:06:09.242567+00,2020-12-16 00:06:09.242591+00,,,TUNJUNGAN,,,3316,
3316130,2020-12-16 00:06:09.245965+00,2020-12-16 00:06:09.24599+00,,,JAPAH,,,3316,
3316140,2020-12-16 00:06:09.249261+00,2020-12-16 00:06:09.249288+00,,,NGAWEN,,,3316,
3316150,2020-12-16 00:06:09.252747+00,2020-12-16 00:06:09.252774+00,,,KUNDURAN,,,3316,
3316160,2020-12-16 00:06:09.256324+00,2020-12-16 00:06:09.256353+00,,,TODANAN,,,3316,
3317010,2020-12-16 00:06:09.2597+00,2020-12-16 00:06:09.259716+00,,,SUMBER,,,3317,
3317020,2020-12-16 00:06:09.262546+00,2020-12-16 00:06:09.262561+00,,,BULU,,,3317,
3317030,2020-12-16 00:06:09.265272+00,2020-12-16 00:06:09.265287+00,,,GUNEM,,,3317,
3317040,2020-12-16 00:06:09.268219+00,2020-12-16 00:06:09.268243+00,,,SALE,,,3317,
3317050,2020-12-16 00:06:09.271175+00,2020-12-16 00:06:09.27119+00,,,SARANG,,,3317,
3317060,2020-12-16 00:06:09.274127+00,2020-12-16 00:06:09.274142+00,,,SEDAN,,,3317,
3317070,2020-12-16 00:06:09.276833+00,2020-12-16 00:06:09.276848+00,,,PAMOTAN,,,3317,
3317080,2020-12-16 00:06:09.279668+00,2020-12-16 00:06:09.279683+00,,,SULANG,,,3317,
3317090,2020-12-16 00:06:09.282396+00,2020-12-16 00:06:09.282413+00,,,KALIORI,,,3317,
3317100,2020-12-16 00:06:09.285125+00,2020-12-16 00:06:09.28514+00,,,REMBANG,,,3317,
3317110,2020-12-16 00:06:09.288607+00,2020-12-16 00:06:09.288636+00,,,PANCUR,,,3317,
3317120,2020-12-16 00:06:09.292272+00,2020-12-16 00:06:09.292302+00,,,KRAGAN,,,3317,
3317130,2020-12-16 00:06:09.295529+00,2020-12-16 00:06:09.295558+00,,,SLUKE,,,3317,
3317140,2020-12-16 00:06:09.298645+00,2020-12-16 00:06:09.29868+00,,,LASEM,,,3317,
3318010,2020-12-16 00:06:09.302301+00,2020-12-16 00:06:09.302331+00,,,SUKOLILO,,,3318,
3318020,2020-12-16 00:06:09.30581+00,2020-12-16 00:06:09.305834+00,,,KAYEN,,,3318,
3318030,2020-12-16 00:06:09.309137+00,2020-12-16 00:06:09.30916+00,,,TAMBAKROMO,,,3318,
3318040,2020-12-16 00:06:09.312105+00,2020-12-16 00:06:09.312127+00,,,WINONG,,,3318,
3318050,2020-12-16 00:06:09.315042+00,2020-12-16 00:06:09.315064+00,,,PUCAKWANGI,,,3318,
3318060,2020-12-16 00:06:09.318144+00,2020-12-16 00:06:09.318169+00,,,JAKEN,,,3318,
3318070,2020-12-16 00:06:09.321666+00,2020-12-16 00:06:09.321694+00,,,BATANGAN,,,3318,
3318080,2020-12-16 00:06:09.325088+00,2020-12-16 00:06:09.325114+00,,,JUWANA,,,3318,
3318090,2020-12-16 00:06:09.32841+00,2020-12-16 00:06:09.328435+00,,,JAKENAN,,,3318,
3318100,2020-12-16 00:06:09.331634+00,2020-12-16 00:06:09.331656+00,,,PATI,,,3318,
3318110,2020-12-16 00:06:09.334786+00,2020-12-16 00:06:09.33481+00,,,GABUS,,,3318,
3318120,2020-12-16 00:06:09.338117+00,2020-12-16 00:06:09.338143+00,,,MARGOREJO,,,3318,
3318130,2020-12-16 00:06:09.341363+00,2020-12-16 00:06:09.341389+00,,,GEMBONG,,,3318,
3318140,2020-12-16 00:06:09.34474+00,2020-12-16 00:06:09.344766+00,,,TLOGOWUNGU,,,3318,
3318150,2020-12-16 00:06:09.348172+00,2020-12-16 00:06:09.348198+00,,,WEDARIJAKSA,,,3318,
3318160,2020-12-16 00:06:09.351702+00,2020-12-16 00:06:09.351726+00,,,TRANGKIL,,,3318,
3318170,2020-12-16 00:06:09.355064+00,2020-12-16 00:06:09.355089+00,,,MARGOYOSO,,,3318,
3318180,2020-12-16 00:06:09.358229+00,2020-12-16 00:06:09.358253+00,,,GUNUNG WUNGKAL,,,3318,
3318190,2020-12-16 00:06:09.361275+00,2020-12-16 00:06:09.361302+00,,,CLUWAK,,,3318,
3318200,2020-12-16 00:06:09.364707+00,2020-12-16 00:06:09.364734+00,,,TAYU,,,3318,
3318210,2020-12-16 00:06:09.367934+00,2020-12-16 00:06:09.367958+00,,,DUKUHSETI,,,3318,
3319010,2020-12-16 00:06:09.371419+00,2020-12-16 00:06:09.371435+00,,,KALIWUNGU,,,3319,
3319020,2020-12-16 00:06:09.37466+00,2020-12-16 00:06:09.374675+00,,,KOTA KUDUS,,,3319,
3319030,2020-12-16 00:06:09.377358+00,2020-12-16 00:06:09.377373+00,,,JATI,,,3319,
3319040,2020-12-16 00:06:09.379913+00,2020-12-16 00:06:09.379927+00,,,UNDAAN,,,3319,
3319050,2020-12-16 00:06:09.382439+00,2020-12-16 00:06:09.382454+00,,,MEJOBO,,,3319,
3319060,2020-12-16 00:06:09.38491+00,2020-12-16 00:06:09.384924+00,,,JEKULO,,,3319,
3319070,2020-12-16 00:06:09.388009+00,2020-12-16 00:06:09.388038+00,,,BAE,,,3319,
3319080,2020-12-16 00:06:09.391636+00,2020-12-16 00:06:09.391666+00,,,GEBOG,,,3319,
3319090,2020-12-16 00:06:09.394562+00,2020-12-16 00:06:09.394593+00,,,DAWE,,,3319,
3320010,2020-12-16 00:06:09.397308+00,2020-12-16 00:06:09.397335+00,,,KEDUNG,,,3320,
3320020,2020-12-16 00:06:09.399568+00,2020-12-16 00:06:09.399581+00,,,PECANGAAN,,,3320,
3320021,2020-12-16 00:06:09.402793+00,2020-12-16 00:06:09.402832+00,,,KALINYAMATAN,,,3320,
3320030,2020-12-16 00:06:09.406552+00,2020-12-16 00:06:09.406579+00,,,WELAHAN,,,3320,
3320040,2020-12-16 00:06:09.409515+00,2020-12-16 00:06:09.409542+00,,,MAYONG,,,3320,
3320050,2020-12-16 00:06:09.412516+00,2020-12-16 00:06:09.412543+00,,,NALUMSARI,,,3320,
3320060,2020-12-16 00:06:09.41566+00,2020-12-16 00:06:09.415687+00,,,BATEALIT,,,3320,
3320070,2020-12-16 00:06:09.418975+00,2020-12-16 00:06:09.419001+00,,,TAHUNAN,,,3320,
3320080,2020-12-16 00:06:09.421871+00,2020-12-16 00:06:09.421884+00,,,JEPARA,,,3320,
3320090,2020-12-16 00:06:09.424261+00,2020-12-16 00:06:09.424273+00,,,MLONGGO,,,3320,
3320091,2020-12-16 00:06:09.427096+00,2020-12-16 00:06:09.427108+00,,,PAKIS AJI,,,3320,
3320100,2020-12-16 00:06:09.430006+00,2020-12-16 00:06:09.430019+00,,,BANGSRI,,,3320,
3320101,2020-12-16 00:06:09.432793+00,2020-12-16 00:06:09.432807+00,,,KEMBANG,,,3320,
3320110,2020-12-16 00:06:09.435728+00,2020-12-16 00:06:09.435742+00,,,KELING,,,3320,
3320111,2020-12-16 00:06:09.438263+00,2020-12-16 00:06:09.438276+00,,,DONOROJO,,,3320,
3320120,2020-12-16 00:06:09.440306+00,2020-12-16 00:06:09.440318+00,,,KARIMUNJAWA,,,3320,
3321010,2020-12-16 00:06:09.442646+00,2020-12-16 00:06:09.442659+00,,,MRANGGEN,,,3321,
3321020,2020-12-16 00:06:09.444974+00,2020-12-16 00:06:09.444987+00,,,KARANGAWEN,,,3321,
3321030,2020-12-16 00:06:09.447366+00,2020-12-16 00:06:09.447381+00,,,GUNTUR,,,3321,
3321040,2020-12-16 00:06:09.449885+00,2020-12-16 00:06:09.449898+00,,,SAYUNG,,,3321,
3321050,2020-12-16 00:06:09.452366+00,2020-12-16 00:06:09.452379+00,,,KARANG TENGAH,,,3321,
3321060,2020-12-16 00:06:09.46354+00,2020-12-16 00:06:09.463563+00,,,BONANG,,,3321,
3321070,2020-12-16 00:06:09.475716+00,2020-12-16 00:06:09.475751+00,,,DEMAK,,,3321,
3321080,2020-12-16 00:06:09.480054+00,2020-12-16 00:06:09.480087+00,,,WONOSALAM,,,3321,
3321090,2020-12-16 00:06:09.483983+00,2020-12-16 00:06:09.484016+00,,,DEMPET,,,3321,
3321091,2020-12-16 00:06:09.494409+00,2020-12-16 00:06:09.494435+00,,,KEBONAGUNG,,,3321,
3321100,2020-12-16 00:06:09.511292+00,2020-12-16 00:06:09.51134+00,,,GAJAH,,,3321,
3321110,2020-12-16 00:06:09.516281+00,2020-12-16 00:06:09.516328+00,,,KARANGANYAR,,,3321,
3321120,2020-12-16 00:06:09.520924+00,2020-12-16 00:06:09.520972+00,,,MIJEN,,,3321,
3321130,2020-12-16 00:06:09.524299+00,2020-12-16 00:06:09.524314+00,,,WEDUNG,,,3321,
3322010,2020-12-16 00:06:09.527217+00,2020-12-16 00:06:09.527231+00,,,GETASAN,,,3322,
3322020,2020-12-16 00:06:09.530248+00,2020-12-16 00:06:09.530261+00,,,TENGARAN,,,3322,
3322030,2020-12-16 00:06:09.534805+00,2020-12-16 00:06:09.534854+00,,,SUSUKAN,,,3322,
3322031,2020-12-16 00:06:09.539647+00,2020-12-16 00:06:09.539697+00,,,KALIWUNGU,,,3322,
3322040,2020-12-16 00:06:09.544252+00,2020-12-16 00:06:09.544302+00,,,SURUH,,,3322,
3322050,2020-12-16 00:06:09.547405+00,2020-12-16 00:06:09.54742+00,,,PABELAN,,,3322,
3322060,2020-12-16 00:06:09.550505+00,2020-12-16 00:06:09.55052+00,,,TUNTANG,,,3322,
3322070,2020-12-16 00:06:09.553524+00,2020-12-16 00:06:09.553539+00,,,BANYUBIRU,,,3322,
3322080,2020-12-16 00:06:09.556975+00,2020-12-16 00:06:09.556998+00,,,JAMBU,,,3322,
3322090,2020-12-16 00:06:09.560036+00,2020-12-16 00:06:09.560059+00,,,SUMOWONO,,,3322,
3322100,2020-12-16 00:06:09.562925+00,2020-12-16 00:06:09.562947+00,,,AMBARAWA,,,3322,
3322101,2020-12-16 00:06:09.565867+00,2020-12-16 00:06:09.56589+00,,,BANDUNGAN,,,3322,
3322110,2020-12-16 00:06:09.568809+00,2020-12-16 00:06:09.568832+00,,,BAWEN,,,3322,
3322120,2020-12-16 00:06:09.572855+00,2020-12-16 00:06:09.572904+00,,,BRINGIN,,,3322,
3322121,2020-12-16 00:06:09.577494+00,2020-12-16 00:06:09.577519+00,,,BANCAK,,,3322,
3322130,2020-12-16 00:06:09.580805+00,2020-12-16 00:06:09.58083+00,,,PRINGAPUS,,,3322,
3322140,2020-12-16 00:06:09.584155+00,2020-12-16 00:06:09.584179+00,,,BERGAS,,,3322,
3322151,2020-12-16 00:06:09.587262+00,2020-12-16 00:06:09.587286+00,,,UNGARAN BARAT,,,3322,
3322152,2020-12-16 00:06:09.590361+00,2020-12-16 00:06:09.590385+00,,,UNGARAN TIMUR,,,3322,
3323010,2020-12-16 00:06:09.59349+00,2020-12-16 00:06:09.593514+00,,,PARAKAN,,,3323,
3323011,2020-12-16 00:06:09.596585+00,2020-12-16 00:06:09.596606+00,,,KLEDUNG,,,3323,
3323012,2020-12-16 00:06:09.599823+00,2020-12-16 00:06:09.599853+00,,,BANSARI,,,3323,
3323020,2020-12-16 00:06:09.603086+00,2020-12-16 00:06:09.603122+00,,,BULU,,,3323,
3323030,2020-12-16 00:06:09.606686+00,2020-12-16 00:06:09.606708+00,,,TEMANGGUNG,,,3323,
3323031,2020-12-16 00:06:09.609512+00,2020-12-16 00:06:09.609532+00,,,TLOGOMULYO,,,3323,
3323040,2020-12-16 00:06:09.612192+00,2020-12-16 00:06:09.612212+00,,,TEMBARAK,,,3323,
3323041,2020-12-16 00:06:09.614866+00,2020-12-16 00:06:09.614885+00,,,SELOPAMPANG,,,3323,
3323050,2020-12-16 00:06:09.617588+00,2020-12-16 00:06:09.617608+00,,,KRANGGAN,,,3323,
3323060,2020-12-16 00:06:09.620379+00,2020-12-16 00:06:09.6204+00,,,PRINGSURAT,,,3323,
3323070,2020-12-16 00:06:09.623131+00,2020-12-16 00:06:09.623151+00,,,KALORAN,,,3323,
3323080,2020-12-16 00:06:09.625776+00,2020-12-16 00:06:09.625796+00,,,KANDANGAN,,,3323,
3323090,2020-12-16 00:06:09.628737+00,2020-12-16 00:06:09.628759+00,,,KEDU,,,3323,
3323100,2020-12-16 00:06:09.632066+00,2020-12-16 00:06:09.632091+00,,,NGADIREJO,,,3323,
3323110,2020-12-16 00:06:09.635442+00,2020-12-16 00:06:09.635469+00,,,JUMO,,,3323,
3323111,2020-12-16 00:06:09.638517+00,2020-12-16 00:06:09.638529+00,,,GEMAWANG,,,3323,
3323120,2020-12-16 00:06:09.641136+00,2020-12-16 00:06:09.641149+00,,,CANDIROTO,,,3323,
3323121,2020-12-16 00:06:09.643901+00,2020-12-16 00:06:09.643914+00,,,BEJEN,,,3323,
3323130,2020-12-16 00:06:09.646378+00,2020-12-16 00:06:09.646391+00,,,TRETEP,,,3323,
3323131,2020-12-16 00:06:09.649017+00,2020-12-16 00:06:09.649031+00,,,WONOBOYO,,,3323,
3324010,2020-12-16 00:06:09.651451+00,2020-12-16 00:06:09.651464+00,,,PLANTUNGAN,,,3324,
3324020,2020-12-16 00:06:09.653873+00,2020-12-16 00:06:09.653886+00,,,SUKOREJO,,,3324,
3324030,2020-12-16 00:06:09.656557+00,2020-12-16 00:06:09.65657+00,,,PAGERRUYUNG,,,3324,
3324040,2020-12-16 00:06:09.659474+00,2020-12-16 00:06:09.659488+00,,,PATEAN,,,3324,
3324050,2020-12-16 00:06:09.66215+00,2020-12-16 00:06:09.662164+00,,,SINGOROJO,,,3324,
3324060,2020-12-16 00:06:09.664696+00,2020-12-16 00:06:09.664709+00,,,LIMBANGAN,,,3324,
3324070,2020-12-16 00:06:09.667088+00,2020-12-16 00:06:09.667102+00,,,BOJA,,,3324,
3324080,2020-12-16 00:06:09.669499+00,2020-12-16 00:06:09.669513+00,,,KALIWUNGU,,,3324,
3324081,2020-12-16 00:06:09.67204+00,2020-12-16 00:06:09.672054+00,,,KALIWUNGU SELATAN,,,3324,
3324090,2020-12-16 00:06:09.674654+00,2020-12-16 00:06:09.674668+00,,,BRANGSONG,,,3324,
3324100,2020-12-16 00:06:09.677373+00,2020-12-16 00:06:09.677389+00,,,PEGANDON,,,3324,
3324101,2020-12-16 00:06:09.680052+00,2020-12-16 00:06:09.680066+00,,,NGAMPEL,,,3324,
3324110,2020-12-16 00:06:09.684371+00,2020-12-16 00:06:09.684419+00,,,GEMUH,,,3324,
3324111,2020-12-16 00:06:09.688978+00,2020-12-16 00:06:09.689026+00,,,RINGINARUM,,,3324,
3324120,2020-12-16 00:06:09.692+00,2020-12-16 00:06:09.692015+00,,,WELERI,,,3324,
3324130,2020-12-16 00:06:09.6949+00,2020-12-16 00:06:09.694914+00,,,ROWOSARI,,,3324,
3324140,2020-12-16 00:06:09.69761+00,2020-12-16 00:06:09.697625+00,,,KANGKUNG,,,3324,
3324150,2020-12-16 00:06:09.700304+00,2020-12-16 00:06:09.700319+00,,,CEPIRING,,,3324,
3324160,2020-12-16 00:06:09.703324+00,2020-12-16 00:06:09.703343+00,,,PATEBON,,,3324,
3324170,2020-12-16 00:06:09.706259+00,2020-12-16 00:06:09.706303+00,,,KOTA KENDAL,,,3324,
3325010,2020-12-16 00:06:09.710386+00,2020-12-16 00:06:09.710426+00,,,WONOTUNGGAL,,,3325,
3325020,2020-12-16 00:06:09.714001+00,2020-12-16 00:06:09.714016+00,,,BANDAR,,,3325,
3325030,2020-12-16 00:06:09.716549+00,2020-12-16 00:06:09.716564+00,,,BLADO,,,3325,
3325040,2020-12-16 00:06:09.719329+00,2020-12-16 00:06:09.719344+00,,,REBAN,,,3325,
3325050,2020-12-16 00:06:09.721893+00,2020-12-16 00:06:09.721908+00,,,BAWANG,,,3325,
3325060,2020-12-16 00:06:09.724544+00,2020-12-16 00:06:09.724558+00,,,TERSONO,,,3325,
3325070,2020-12-16 00:06:09.727223+00,2020-12-16 00:06:09.727239+00,,,GRINGSING,,,3325,
3325080,2020-12-16 00:06:09.729764+00,2020-12-16 00:06:09.729778+00,,,LIMPUNG,,,3325,
3325081,2020-12-16 00:06:09.732414+00,2020-12-16 00:06:09.732428+00,,,BANYUPUTIH,,,3325,
3325090,2020-12-16 00:06:09.734879+00,2020-12-16 00:06:09.734893+00,,,SUBAH,,,3325,
3325091,2020-12-16 00:06:09.73718+00,2020-12-16 00:06:09.737195+00,,,PECALUNGAN,,,3325,
3325100,2020-12-16 00:06:09.73975+00,2020-12-16 00:06:09.739782+00,,,TULIS,,,3325,
3325101,2020-12-16 00:06:09.743497+00,2020-12-16 00:06:09.743531+00,,,KANDEMAN,,,3325,
3325110,2020-12-16 00:06:09.747297+00,2020-12-16 00:06:09.747326+00,,,BATANG,,,3325,
3325120,2020-12-16 00:06:09.750604+00,2020-12-16 00:06:09.750633+00,,,WARUNG ASEM,,,3325,
3326010,2020-12-16 00:06:09.75391+00,2020-12-16 00:06:09.753939+00,,,KANDANGSERANG,,,3326,
3326020,2020-12-16 00:06:09.757113+00,2020-12-16 00:06:09.757142+00,,,PANINGGARAN,,,3326,
3326030,2020-12-16 00:06:09.760033+00,2020-12-16 00:06:09.760048+00,,,LEBAKBARANG,,,3326,
3326040,2020-12-16 00:06:09.762685+00,2020-12-16 00:06:09.762699+00,,,PETUNGKRIONO,,,3326,
3326050,2020-12-16 00:06:09.765244+00,2020-12-16 00:06:09.765259+00,,,TALUN,,,3326,
3326060,2020-12-16 00:06:09.767496+00,2020-12-16 00:06:09.767511+00,,,DORO,,,3326,
3326070,2020-12-16 00:06:09.769344+00,2020-12-16 00:06:09.769356+00,,,KARANGANYAR,,,3326,
3326080,2020-12-16 00:06:09.771356+00,2020-12-16 00:06:09.771371+00,,,KAJEN,,,3326,
3326090,2020-12-16 00:06:09.773393+00,2020-12-16 00:06:09.773408+00,,,KESESI,,,3326,
3326100,2020-12-16 00:06:09.775332+00,2020-12-16 00:06:09.775345+00,,,SRAGI,,,3326,
3326101,2020-12-16 00:06:09.77732+00,2020-12-16 00:06:09.777334+00,,,SIWALAN,,,3326,
3326110,2020-12-16 00:06:09.779295+00,2020-12-16 00:06:09.779309+00,,,BOJONG,,,3326,
3326120,2020-12-16 00:06:09.781639+00,2020-12-16 00:06:09.781654+00,,,WONOPRINGGO,,,3326,
3326130,2020-12-16 00:06:09.78391+00,2020-12-16 00:06:09.783924+00,,,KEDUNGWUNI,,,3326,
3326131,2020-12-16 00:06:09.786067+00,2020-12-16 00:06:09.786081+00,,,KARANGDADAP,,,3326,
3326140,2020-12-16 00:06:09.788225+00,2020-12-16 00:06:09.78824+00,,,BUARAN,,,3326,
3326150,2020-12-16 00:06:09.790482+00,2020-12-16 00:06:09.790496+00,,,TIRTO,,,3326,
3326160,2020-12-16 00:06:09.79288+00,2020-12-16 00:06:09.792894+00,,,WIRADESA,,,3326,
3326161,2020-12-16 00:06:09.795266+00,2020-12-16 00:06:09.79528+00,,,WONOKERTO,,,3326,
3327010,2020-12-16 00:06:09.797501+00,2020-12-16 00:06:09.797515+00,,,MOGA,,,3327,
3327011,2020-12-16 00:06:09.800024+00,2020-12-16 00:06:09.800039+00,,,WARUNGPRING,,,3327,
3327020,2020-12-16 00:06:09.802491+00,2020-12-16 00:06:09.802506+00,,,PULOSARI,,,3327,
3327030,2020-12-16 00:06:09.804978+00,2020-12-16 00:06:09.804993+00,,,BELIK,,,3327,
3327040,2020-12-16 00:06:09.807879+00,2020-12-16 00:06:09.807897+00,,,WATUKUMPUL,,,3327,
3327050,2020-12-16 00:06:09.810544+00,2020-12-16 00:06:09.810559+00,,,BODEH,,,3327,
3327060,2020-12-16 00:06:09.812982+00,2020-12-16 00:06:09.812996+00,,,BANTARBOLANG,,,3327,
3327070,2020-12-16 00:06:09.815398+00,2020-12-16 00:06:09.815412+00,,,RANDUDONGKAL,,,3327,
3327080,2020-12-16 00:06:09.817828+00,2020-12-16 00:06:09.817843+00,,,PEMALANG,,,3327,
3327090,2020-12-16 00:06:09.819979+00,2020-12-16 00:06:09.819995+00,,,TAMAN,,,3327,
3327100,2020-12-16 00:06:09.82217+00,2020-12-16 00:06:09.822184+00,,,PETARUKAN,,,3327,
3327110,2020-12-16 00:06:09.82417+00,2020-12-16 00:06:09.824185+00,,,AMPELGADING,,,3327,
3327120,2020-12-16 00:06:09.826107+00,2020-12-16 00:06:09.826122+00,,,COMAL,,,3327,
3327130,2020-12-16 00:06:09.828057+00,2020-12-16 00:06:09.828071+00,,,ULUJAMI,,,3327,
3328010,2020-12-16 00:06:09.830122+00,2020-12-16 00:06:09.830137+00,,,MARGASARI,,,3328,
3328020,2020-12-16 00:06:09.832103+00,2020-12-16 00:06:09.832117+00,,,BUMIJAWA,,,3328,
3328030,2020-12-16 00:06:09.834124+00,2020-12-16 00:06:09.834138+00,,,BOJONG,,,3328,
3328040,2020-12-16 00:06:09.836099+00,2020-12-16 00:06:09.836113+00,,,BALAPULANG,,,3328,
3328050,2020-12-16 00:06:09.83817+00,2020-12-16 00:06:09.838184+00,,,PAGERBARANG,,,3328,
3328060,2020-12-16 00:06:09.840233+00,2020-12-16 00:06:09.840248+00,,,LEBAKSIU,,,3328,
3328070,2020-12-16 00:06:09.842456+00,2020-12-16 00:06:09.842471+00,,,JATINEGARA,,,3328,
3328080,2020-12-16 00:06:09.844664+00,2020-12-16 00:06:09.844678+00,,,KEDUNG BANTENG,,,3328,
3328090,2020-12-16 00:06:09.846792+00,2020-12-16 00:06:09.846807+00,,,PANGKAH,,,3328,
3328100,2020-12-16 00:06:09.849081+00,2020-12-16 00:06:09.849095+00,,,SLAWI,,,3328,
3328110,2020-12-16 00:06:09.85147+00,2020-12-16 00:06:09.851484+00,,,DUKUHWARU,,,3328,
3328120,2020-12-16 00:06:09.853822+00,2020-12-16 00:06:09.853836+00,,,ADIWERNA,,,3328,
3328130,2020-12-16 00:06:09.856276+00,2020-12-16 00:06:09.856291+00,,,DUKUHTURI,,,3328,
3328140,2020-12-16 00:06:09.858567+00,2020-12-16 00:06:09.858582+00,,,TALANG,,,3328,
3328150,2020-12-16 00:06:09.860798+00,2020-12-16 00:06:09.860813+00,,,TARUB,,,3328,
3328160,2020-12-16 00:06:09.862727+00,2020-12-16 00:06:09.862742+00,,,KRAMAT,,,3328,
3328170,2020-12-16 00:06:09.864999+00,2020-12-16 00:06:09.865013+00,,,SURADADI,,,3328,
3328180,2020-12-16 00:06:09.867193+00,2020-12-16 00:06:09.867223+00,,,WARUREJA,,,3328,
3329010,2020-12-16 00:06:09.869271+00,2020-12-16 00:06:09.869286+00,,,SALEM,,,3329,
3329020,2020-12-16 00:06:09.871276+00,2020-12-16 00:06:09.871288+00,,,BANTARKAWUNG,,,3329,
3329030,2020-12-16 00:06:09.873271+00,2020-12-16 00:06:09.873285+00,,,BUMIAYU,,,3329,
3329040,2020-12-16 00:06:09.875145+00,2020-12-16 00:06:09.875159+00,,,PAGUYANGAN,,,3329,
3329050,2020-12-16 00:06:09.877149+00,2020-12-16 00:06:09.877163+00,,,SIRAMPOG,,,3329,
3329060,2020-12-16 00:06:09.879175+00,2020-12-16 00:06:09.87919+00,,,TONJONG,,,3329,
3329070,2020-12-16 00:06:09.881198+00,2020-12-16 00:06:09.881212+00,,,LARANGAN,,,3329,
3329080,2020-12-16 00:06:09.883172+00,2020-12-16 00:06:09.883186+00,,,KETANGGUNGAN,,,3329,
3329090,2020-12-16 00:06:09.885336+00,2020-12-16 00:06:09.885351+00,,,BANJARHARJO,,,3329,
3329100,2020-12-16 00:06:09.887329+00,2020-12-16 00:06:09.887342+00,,,LOSARI,,,3329,
3329110,2020-12-16 00:06:09.889245+00,2020-12-16 00:06:09.88926+00,,,TANJUNG,,,3329,
3329120,2020-12-16 00:06:09.891212+00,2020-12-16 00:06:09.891232+00,,,KERSANA,,,3329,
3329130,2020-12-16 00:06:09.893375+00,2020-12-16 00:06:09.893389+00,,,BULAKAMBA,,,3329,
3329140,2020-12-16 00:06:09.89564+00,2020-12-16 00:06:09.895655+00,,,WANASARI,,,3329,
3329150,2020-12-16 00:06:09.897898+00,2020-12-16 00:06:09.897913+00,,,SONGGOM,,,3329,
3329160,2020-12-16 00:06:09.900114+00,2020-12-16 00:06:09.900128+00,,,JATIBARANG,,,3329,
3329170,2020-12-16 00:06:09.902293+00,2020-12-16 00:06:09.902307+00,,,BREBES,,,3329,
3371010,2020-12-16 00:06:09.90468+00,2020-12-16 00:06:09.904695+00,,,MAGELANG SELATAN,,,3371,
3371011,2020-12-16 00:06:09.907036+00,2020-12-16 00:06:09.90705+00,,,MAGELANG TENGAH,,,3371,
3371020,2020-12-16 00:06:09.909505+00,2020-12-16 00:06:09.909522+00,,,MAGELANG UTARA,,,3371,
3372010,2020-12-16 00:06:09.912317+00,2020-12-16 00:06:09.912334+00,,,LAWEYAN,,,3372,
3372020,2020-12-16 00:06:09.915144+00,2020-12-16 00:06:09.915159+00,,,SERENGAN,,,3372,
3372030,2020-12-16 00:06:09.917918+00,2020-12-16 00:06:09.917933+00,,,PASAR KLIWON,,,3372,
3372040,2020-12-16 00:06:09.920618+00,2020-12-16 00:06:09.920632+00,,,JEBRES,,,3372,
3372050,2020-12-16 00:06:09.923392+00,2020-12-16 00:06:09.923407+00,,,BANJARSARI,,,3372,
3373010,2020-12-16 00:06:09.925976+00,2020-12-16 00:06:09.925991+00,,,ARGOMULYO,,,3373,
3373020,2020-12-16 00:06:09.928703+00,2020-12-16 00:06:09.928718+00,,,TINGKIR,,,3373,
3373030,2020-12-16 00:06:09.931572+00,2020-12-16 00:06:09.931587+00,,,SIDOMUKTI,,,3373,
3373040,2020-12-16 00:06:09.934047+00,2020-12-16 00:06:09.934061+00,,,SIDOREJO,,,3373,
3374010,2020-12-16 00:06:09.936335+00,2020-12-16 00:06:09.936349+00,,,MIJEN,,,3374,
3374020,2020-12-16 00:06:09.938342+00,2020-12-16 00:06:09.938357+00,,,GUNUNG PATI,,,3374,
3374030,2020-12-16 00:06:09.940487+00,2020-12-16 00:06:09.940501+00,,,BANYUMANIK,,,3374,
3374040,2020-12-16 00:06:09.942808+00,2020-12-16 00:06:09.942823+00,,,GAJAH MUNGKUR,,,3374,
3374050,2020-12-16 00:06:09.945086+00,2020-12-16 00:06:09.945102+00,,,SEMARANG SELATAN,,,3374,
3374060,2020-12-16 00:06:09.947657+00,2020-12-16 00:06:09.947673+00,,,CANDISARI,,,3374,
3374070,2020-12-16 00:06:09.950254+00,2020-12-16 00:06:09.950269+00,,,TEMBALANG,,,3374,
3374080,2020-12-16 00:06:09.953073+00,2020-12-16 00:06:09.953088+00,,,PEDURUNGAN,,,3374,
3374090,2020-12-16 00:06:09.955352+00,2020-12-16 00:06:09.955367+00,,,GENUK,,,3374,
3374100,2020-12-16 00:06:09.957748+00,2020-12-16 00:06:09.957762+00,,,GAYAMSARI,,,3374,
3374110,2020-12-16 00:06:09.960024+00,2020-12-16 00:06:09.960038+00,,,SEMARANG TIMUR,,,3374,
3374120,2020-12-16 00:06:09.96223+00,2020-12-16 00:06:09.962245+00,,,SEMARANG UTARA,,,3374,
3374130,2020-12-16 00:06:09.964508+00,2020-12-16 00:06:09.96452+00,,,SEMARANG TENGAH,,,3374,
3374140,2020-12-16 00:06:09.967643+00,2020-12-16 00:06:09.967674+00,,,SEMARANG BARAT,,,3374,
3374150,2020-12-16 00:06:09.971229+00,2020-12-16 00:06:09.971262+00,,,TUGU,,,3374,
3374160,2020-12-16 00:06:09.975021+00,2020-12-16 00:06:09.975049+00,,,NGALIYAN,,,3374,
3375010,2020-12-16 00:06:09.978792+00,2020-12-16 00:06:09.978809+00,,,PEKALONGAN BARAT,,,3375,
3375020,2020-12-16 00:06:09.981491+00,2020-12-16 00:06:09.981505+00,,,PEKALONGAN TIMUR,,,3375,
3375030,2020-12-16 00:06:09.984195+00,2020-12-16 00:06:09.984209+00,,,PEKALONGAN SELATAN,,,3375,
3375040,2020-12-16 00:06:09.986807+00,2020-12-16 00:06:09.986822+00,,,PEKALONGAN UTARA,,,3375,
3376010,2020-12-16 00:06:09.990262+00,2020-12-16 00:06:09.990306+00,,,TEGAL SELATAN,,,3376,
3376020,2020-12-16 00:06:09.993907+00,2020-12-16 00:06:09.993941+00,,,TEGAL TIMUR,,,3376,
3376030,2020-12-16 00:06:09.997272+00,2020-12-16 00:06:09.997307+00,,,TEGAL BARAT,,,3376,
3376040,2020-12-16 00:06:10.000776+00,2020-12-16 00:06:10.000809+00,,,MARGADANA,,,3376,
3401010,2020-12-16 00:06:10.004353+00,2020-12-16 00:06:10.004369+00,,,TEMON,,,3401,
3401020,2020-12-16 00:06:10.007009+00,2020-12-16 00:06:10.007024+00,,,WATES,,,3401,
3401030,2020-12-16 00:06:10.009589+00,2020-12-16 00:06:10.009603+00,,,PANJATAN,,,3401,
3401040,2020-12-16 00:06:10.01254+00,2020-12-16 00:06:10.012584+00,,,GALUR,,,3401,
3401050,2020-12-16 00:06:10.01657+00,2020-12-16 00:06:10.016623+00,,,LENDAH,,,3401,
3401060,2020-12-16 00:06:10.021044+00,2020-12-16 00:06:10.021092+00,,,SENTOLO,,,3401,
3401070,2020-12-16 00:06:10.02395+00,2020-12-16 00:06:10.023964+00,,,PENGASIH,,,3401,
3401080,2020-12-16 00:06:10.026611+00,2020-12-16 00:06:10.026625+00,,,KOKAP,,,3401,
3401090,2020-12-16 00:06:10.029257+00,2020-12-16 00:06:10.029271+00,,,GIRIMULYO,,,3401,
3401100,2020-12-16 00:06:10.031742+00,2020-12-16 00:06:10.031756+00,,,NANGGULAN,,,3401,
3401110,2020-12-16 00:06:10.034576+00,2020-12-16 00:06:10.03459+00,,,KALIBAWANG,,,3401,
3401120,2020-12-16 00:06:10.037253+00,2020-12-16 00:06:10.037268+00,,,SAMIGALUH,,,3401,
3402010,2020-12-16 00:06:10.040044+00,2020-12-16 00:06:10.040059+00,,,SRANDAKAN,,,3402,
3402020,2020-12-16 00:06:10.042708+00,2020-12-16 00:06:10.042723+00,,,SANDEN,,,3402,
3402030,2020-12-16 00:06:10.045317+00,2020-12-16 00:06:10.045332+00,,,KRETEK,,,3402,
3402040,2020-12-16 00:06:10.048047+00,2020-12-16 00:06:10.048062+00,,,PUNDONG,,,3402,
3402050,2020-12-16 00:06:10.050789+00,2020-12-16 00:06:10.050804+00,,,BAMBANG LIPURO,,,3402,
3402060,2020-12-16 00:06:10.053252+00,2020-12-16 00:06:10.053267+00,,,PANDAK,,,3402,
3402070,2020-12-16 00:06:10.055678+00,2020-12-16 00:06:10.055692+00,,,BANTUL,,,3402,
3402080,2020-12-16 00:06:10.058057+00,2020-12-16 00:06:10.058072+00,,,JETIS,,,3402,
3402090,2020-12-16 00:06:10.060507+00,2020-12-16 00:06:10.060521+00,,,IMOGIRI,,,3402,
3402100,2020-12-16 00:06:10.063234+00,2020-12-16 00:06:10.063249+00,,,DLINGO,,,3402,
3402110,2020-12-16 00:06:10.065805+00,2020-12-16 00:06:10.065819+00,,,PLERET,,,3402,
3402120,2020-12-16 00:06:10.068263+00,2020-12-16 00:06:10.068277+00,,,PIYUNGAN,,,3402,
3402130,2020-12-16 00:06:10.070774+00,2020-12-16 00:06:10.07079+00,,,BANGUNTAPAN,,,3402,
3402140,2020-12-16 00:06:10.073495+00,2020-12-16 00:06:10.07351+00,,,SEWON,,,3402,
3402150,2020-12-16 00:06:10.076114+00,2020-12-16 00:06:10.076129+00,,,KASIHAN,,,3402,
3402160,2020-12-16 00:06:10.078797+00,2020-12-16 00:06:10.078812+00,,,PAJANGAN,,,3402,
3402170,2020-12-16 00:06:10.081305+00,2020-12-16 00:06:10.08132+00,,,SEDAYU,,,3402,
3403010,2020-12-16 00:06:10.084208+00,2020-12-16 00:06:10.084237+00,,,PANGGANG,,,3403,
3403011,2020-12-16 00:06:10.087472+00,2020-12-16 00:06:10.087508+00,,,PURWOSARI,,,3403,
3403020,2020-12-16 00:06:10.091016+00,2020-12-16 00:06:10.091052+00,,,PALIYAN,,,3403,
3403030,2020-12-16 00:06:10.094744+00,2020-12-16 00:06:10.094779+00,,,SAPTO SARI,,,3403,
3403040,2020-12-16 00:06:10.098318+00,2020-12-16 00:06:10.098332+00,,,TEPUS,,,3403,
3403041,2020-12-16 00:06:10.10104+00,2020-12-16 00:06:10.101054+00,,,TANJUNGSARI,,,3403,
3403050,2020-12-16 00:06:10.10386+00,2020-12-16 00:06:10.103875+00,,,RONGKOP,,,3403,
3403051,2020-12-16 00:06:10.106769+00,2020-12-16 00:06:10.106783+00,,,GIRISUBO,,,3403,
3403060,2020-12-16 00:06:10.109829+00,2020-12-16 00:06:10.109844+00,,,SEMANU,,,3403,
3403070,2020-12-16 00:06:10.11294+00,2020-12-16 00:06:10.112963+00,,,PONJONG,,,3403,
3403080,2020-12-16 00:06:10.116378+00,2020-12-16 00:06:10.116421+00,,,KARANGMOJO,,,3403,
3403090,2020-12-16 00:06:10.120532+00,2020-12-16 00:06:10.120558+00,,,WONOSARI,,,3403,
3403100,2020-12-16 00:06:10.123476+00,2020-12-16 00:06:10.123491+00,,,PLAYEN,,,3403,
3403110,2020-12-16 00:06:10.125978+00,2020-12-16 00:06:10.125993+00,,,PATUK,,,3403,
3403120,2020-12-16 00:06:10.128456+00,2020-12-16 00:06:10.128471+00,,,GEDANG SARI,,,3403,
3403130,2020-12-16 00:06:10.130921+00,2020-12-16 00:06:10.130936+00,,,NGLIPAR,,,3403,
3403140,2020-12-16 00:06:10.133793+00,2020-12-16 00:06:10.133808+00,,,NGAWEN,,,3403,
3403150,2020-12-16 00:06:10.136939+00,2020-12-16 00:06:10.136954+00,,,SEMIN,,,3403,
3404010,2020-12-16 00:06:10.139887+00,2020-12-16 00:06:10.139902+00,,,MOYUDAN,,,3404,
3404020,2020-12-16 00:06:10.142491+00,2020-12-16 00:06:10.142506+00,,,MINGGIR,,,3404,
3404030,2020-12-16 00:06:10.145308+00,2020-12-16 00:06:10.145348+00,,,SEYEGAN,,,3404,
3404040,2020-12-16 00:06:10.148888+00,2020-12-16 00:06:10.148902+00,,,GODEAN,,,3404,
3404050,2020-12-16 00:06:10.15165+00,2020-12-16 00:06:10.151665+00,,,GAMPING,,,3404,
3404060,2020-12-16 00:06:10.154419+00,2020-12-16 00:06:10.154443+00,,,MLATI,,,3404,
3404070,2020-12-16 00:06:10.157671+00,2020-12-16 00:06:10.157696+00,,,DEPOK,,,3404,
3404080,2020-12-16 00:06:10.160934+00,2020-12-16 00:06:10.160959+00,,,BERBAH,,,3404,
3404090,2020-12-16 00:06:10.164326+00,2020-12-16 00:06:10.164351+00,,,PRAMBANAN,,,3404,
3404100,2020-12-16 00:06:10.167771+00,2020-12-16 00:06:10.167796+00,,,KALASAN,,,3404,
3404110,2020-12-16 00:06:10.171332+00,2020-12-16 00:06:10.171358+00,,,NGEMPLAK,,,3404,
3404120,2020-12-16 00:06:10.174787+00,2020-12-16 00:06:10.174815+00,,,NGAGLIK,,,3404,
3404130,2020-12-16 00:06:10.178221+00,2020-12-16 00:06:10.178246+00,,,SLEMAN,,,3404,
3404140,2020-12-16 00:06:10.18154+00,2020-12-16 00:06:10.181565+00,,,TEMPEL,,,3404,
3404150,2020-12-16 00:06:10.184759+00,2020-12-16 00:06:10.184783+00,,,TURI,,,3404,
3404160,2020-12-16 00:06:10.188135+00,2020-12-16 00:06:10.18816+00,,,PAKEM,,,3404,
3404170,2020-12-16 00:06:10.191525+00,2020-12-16 00:06:10.191549+00,,,CANGKRINGAN,,,3404,
3471010,2020-12-16 00:06:10.194997+00,2020-12-16 00:06:10.195021+00,,,MANTRIJERON,,,3471,
3471020,2020-12-16 00:06:10.198225+00,2020-12-16 00:06:10.198249+00,,,KRATON,,,3471,
3471030,2020-12-16 00:06:10.201351+00,2020-12-16 00:06:10.201385+00,,,MERGANGSAN,,,3471,
3471040,2020-12-16 00:06:10.204455+00,2020-12-16 00:06:10.204481+00,,,UMBULHARJO,,,3471,
3471050,2020-12-16 00:06:10.207972+00,2020-12-16 00:06:10.207998+00,,,KOTAGEDE,,,3471,
3471060,2020-12-16 00:06:10.210925+00,2020-12-16 00:06:10.210948+00,,,GONDOKUSUMAN,,,3471,
3471070,2020-12-16 00:06:10.214048+00,2020-12-16 00:06:10.214071+00,,,DANUREJAN,,,3471,
3471080,2020-12-16 00:06:10.217083+00,2020-12-16 00:06:10.217106+00,,,PAKUALAMAN,,,3471,
3471090,2020-12-16 00:06:10.220844+00,2020-12-16 00:06:10.220896+00,,,GONDOMANAN,,,3471,
3471100,2020-12-16 00:06:10.225212+00,2020-12-16 00:06:10.225253+00,,,NGAMPILAN,,,3471,
3471110,2020-12-16 00:06:10.229007+00,2020-12-16 00:06:10.229045+00,,,WIROBRAJAN,,,3471,
3471120,2020-12-16 00:06:10.232893+00,2020-12-16 00:06:10.232907+00,,,GEDONG TENGEN,,,3471,
3471130,2020-12-16 00:06:10.235327+00,2020-12-16 00:06:10.23534+00,,,JETIS,,,3471,
3471140,2020-12-16 00:06:10.237596+00,2020-12-16 00:06:10.237608+00,,,TEGALREJO,,,3471,
3501010,2020-12-16 00:06:10.239976+00,2020-12-16 00:06:10.239989+00,,,DONOROJO,,,3501,
3501020,2020-12-16 00:06:10.242736+00,2020-12-16 00:06:10.242749+00,,,PUNUNG,,,3501,
3501030,2020-12-16 00:06:10.245222+00,2020-12-16 00:06:10.245235+00,,,PRINGKUKU,,,3501,
3501040,2020-12-16 00:06:10.247462+00,2020-12-16 00:06:10.247473+00,,,PACITAN,,,3501,
3501050,2020-12-16 00:06:10.249534+00,2020-12-16 00:06:10.249546+00,,,KEBONAGUNG,,,3501,
3501060,2020-12-16 00:06:10.251704+00,2020-12-16 00:06:10.251716+00,,,ARJOSARI,,,3501,
3501070,2020-12-16 00:06:10.253714+00,2020-12-16 00:06:10.253726+00,,,NAWANGAN,,,3501,
3501080,2020-12-16 00:06:10.255849+00,2020-12-16 00:06:10.25586+00,,,BANDAR,,,3501,
3501090,2020-12-16 00:06:10.257926+00,2020-12-16 00:06:10.257938+00,,,TEGALOMBO,,,3501,
3501100,2020-12-16 00:06:10.260098+00,2020-12-16 00:06:10.260109+00,,,TULAKAN,,,3501,
3501110,2020-12-16 00:06:10.262637+00,2020-12-16 00:06:10.262649+00,,,NGADIROJO,,,3501,
3501120,2020-12-16 00:06:10.264855+00,2020-12-16 00:06:10.264867+00,,,SUDIMORO,,,3501,
3502010,2020-12-16 00:06:10.267062+00,2020-12-16 00:06:10.267075+00,,,NGRAYUN,,,3502,
3502020,2020-12-16 00:06:10.269267+00,2020-12-16 00:06:10.26928+00,,,SLAHUNG,,,3502,
3502030,2020-12-16 00:06:10.271508+00,2020-12-16 00:06:10.271523+00,,,BUNGKAL,,,3502,
3502040,2020-12-16 00:06:10.273939+00,2020-12-16 00:06:10.273953+00,,,SAMBIT,,,3502,
3502050,2020-12-16 00:06:10.27641+00,2020-12-16 00:06:10.276424+00,,,SAWOO,,,3502,
3502060,2020-12-16 00:06:10.279283+00,2020-12-16 00:06:10.279298+00,,,SOOKO,,,3502,
3502061,2020-12-16 00:06:10.282033+00,2020-12-16 00:06:10.282048+00,,,PUDAK,,,3502,
3502070,2020-12-16 00:06:10.285211+00,2020-12-16 00:06:10.285244+00,,,PULUNG,,,3502,
3502080,2020-12-16 00:06:10.288165+00,2020-12-16 00:06:10.288187+00,,,MLARAK,,,3502,
3502090,2020-12-16 00:06:10.29071+00,2020-12-16 00:06:10.290732+00,,,SIMAN,,,3502,
3502100,2020-12-16 00:06:10.293774+00,2020-12-16 00:06:10.293796+00,,,JETIS,,,3502,
3502110,2020-12-16 00:06:10.296771+00,2020-12-16 00:06:10.296794+00,,,BALONG,,,3502,
3502120,2020-12-16 00:06:10.299892+00,2020-12-16 00:06:10.299916+00,,,KAUMAN,,,3502,
3502130,2020-12-16 00:06:10.302897+00,2020-12-16 00:06:10.30292+00,,,JAMBON,,,3502,
3502140,2020-12-16 00:06:10.305807+00,2020-12-16 00:06:10.305826+00,,,BADEGAN,,,3502,
3502150,2020-12-16 00:06:10.30917+00,2020-12-16 00:06:10.309192+00,,,SAMPUNG,,,3502,
3502160,2020-12-16 00:06:10.312537+00,2020-12-16 00:06:10.312562+00,,,SUKOREJO,,,3502,
3502170,2020-12-16 00:06:10.315898+00,2020-12-16 00:06:10.315925+00,,,PONOROGO,,,3502,
3502180,2020-12-16 00:06:10.319426+00,2020-12-16 00:06:10.319453+00,,,BABADAN,,,3502,
3502190,2020-12-16 00:06:10.322917+00,2020-12-16 00:06:10.322932+00,,,JENANGAN,,,3502,
3502200,2020-12-16 00:06:10.325918+00,2020-12-16 00:06:10.325936+00,,,NGEBEL,,,3502,
3503010,2020-12-16 00:06:10.329284+00,2020-12-16 00:06:10.329302+00,,,PANGGUL,,,3503,
3503020,2020-12-16 00:06:10.33234+00,2020-12-16 00:06:10.332356+00,,,MUNJUNGAN,,,3503,
3503030,2020-12-16 00:06:10.334997+00,2020-12-16 00:06:10.335012+00,,,WATULIMO,,,3503,
3503040,2020-12-16 00:06:10.337402+00,2020-12-16 00:06:10.337416+00,,,KAMPAK,,,3503,
3503050,2020-12-16 00:06:10.339759+00,2020-12-16 00:06:10.339773+00,,,DONGKO,,,3503,
3503060,2020-12-16 00:06:10.34209+00,2020-12-16 00:06:10.342104+00,,,PULE,,,3503,
3503070,2020-12-16 00:06:10.344511+00,2020-12-16 00:06:10.344525+00,,,KARANGAN,,,3503,
3503071,2020-12-16 00:06:10.347285+00,2020-12-16 00:06:10.347299+00,,,SURUH,,,3503,
3503080,2020-12-16 00:06:10.349992+00,2020-12-16 00:06:10.350007+00,,,GANDUSARI,,,3503,
3503090,2020-12-16 00:06:10.352749+00,2020-12-16 00:06:10.352764+00,,,DURENAN,,,3503,
3503100,2020-12-16 00:06:10.355567+00,2020-12-16 00:06:10.355582+00,,,POGALAN,,,3503,
3503110,2020-12-16 00:06:10.358373+00,2020-12-16 00:06:10.358388+00,,,TRENGGALEK,,,3503,
3503120,2020-12-16 00:06:10.361197+00,2020-12-16 00:06:10.361213+00,,,TUGU,,,3503,
3503130,2020-12-16 00:06:10.364092+00,2020-12-16 00:06:10.364106+00,,,BENDUNGAN,,,3503,
3504010,2020-12-16 00:06:10.366711+00,2020-12-16 00:06:10.366726+00,,,BESUKI,,,3504,
3504020,2020-12-16 00:06:10.369246+00,2020-12-16 00:06:10.36926+00,,,BANDUNG,,,3504,
3504030,2020-12-16 00:06:10.372304+00,2020-12-16 00:06:10.372332+00,,,PAKEL,,,3504,
3504040,2020-12-16 00:06:10.375349+00,2020-12-16 00:06:10.375377+00,,,CAMPUR DARAT,,,3504,
3504050,2020-12-16 00:06:10.378263+00,2020-12-16 00:06:10.378293+00,,,TANGGUNG GUNUNG,,,3504,
3504060,2020-12-16 00:06:10.381424+00,2020-12-16 00:06:10.381452+00,,,KALIDAWIR,,,3504,
3504070,2020-12-16 00:06:10.384276+00,2020-12-16 00:06:10.384291+00,,,PUCANG LABAN,,,3504,
3504080,2020-12-16 00:06:10.386833+00,2020-12-16 00:06:10.386847+00,,,REJOTANGAN,,,3504,
3504090,2020-12-16 00:06:10.389398+00,2020-12-16 00:06:10.389412+00,,,NGUNUT,,,3504,
3504100,2020-12-16 00:06:10.391947+00,2020-12-16 00:06:10.391961+00,,,SUMBERGEMPOL,,,3504,
3504110,2020-12-16 00:06:10.394574+00,2020-12-16 00:06:10.394587+00,,,BOYOLANGU,,,3504,
3504120,2020-12-16 00:06:10.397212+00,2020-12-16 00:06:10.397226+00,,,TULUNGAGUNG,,,3504,
3504130,2020-12-16 00:06:10.399913+00,2020-12-16 00:06:10.399928+00,,,KEDUNGWARU,,,3504,
3504140,2020-12-16 00:06:10.402478+00,2020-12-16 00:06:10.402493+00,,,NGANTRU,,,3504,
3504150,2020-12-16 00:06:10.405054+00,2020-12-16 00:06:10.405068+00,,,KARANGREJO,,,3504,
3504160,2020-12-16 00:06:10.407584+00,2020-12-16 00:06:10.407598+00,,,KAUMAN,,,3504,
3504170,2020-12-16 00:06:10.410103+00,2020-12-16 00:06:10.410118+00,,,GONDANG,,,3504,
3504180,2020-12-16 00:06:10.41247+00,2020-12-16 00:06:10.412484+00,,,PAGER WOJO,,,3504,
3504190,2020-12-16 00:06:10.415032+00,2020-12-16 00:06:10.415047+00,,,SENDANG,,,3504,
3505010,2020-12-16 00:06:10.41753+00,2020-12-16 00:06:10.417545+00,,,BAKUNG,,,3505,
3505020,2020-12-16 00:06:10.420227+00,2020-12-16 00:06:10.420242+00,,,WONOTIRTO,,,3505,
3505030,2020-12-16 00:06:10.42282+00,2020-12-16 00:06:10.422835+00,,,PANGGUNGREJO,,,3505,
3505040,2020-12-16 00:06:10.425546+00,2020-12-16 00:06:10.425568+00,,,WATES,,,3505,
3505050,2020-12-16 00:06:10.428164+00,2020-12-16 00:06:10.42818+00,,,BINANGUN,,,3505,
3505060,2020-12-16 00:06:10.430349+00,2020-12-16 00:06:10.430383+00,,,SUTOJAYAN,,,3505,
3505070,2020-12-16 00:06:10.433767+00,2020-12-16 00:06:10.433798+00,,,KADEMANGAN,,,3505,
3505080,2020-12-16 00:06:10.436798+00,2020-12-16 00:06:10.436825+00,,,KANIGORO,,,3505,
3505090,2020-12-16 00:06:10.440081+00,2020-12-16 00:06:10.440109+00,,,TALUN,,,3505,
3505100,2020-12-16 00:06:10.44317+00,2020-12-16 00:06:10.443197+00,,,SELOPURO,,,3505,
3505110,2020-12-16 00:06:10.44616+00,2020-12-16 00:06:10.446172+00,,,KESAMBEN,,,3505,
3505120,2020-12-16 00:06:10.448673+00,2020-12-16 00:06:10.448686+00,,,SELOREJO,,,3505,
3505130,2020-12-16 00:06:10.451212+00,2020-12-16 00:06:10.451231+00,,,DOKO,,,3505,
3505140,2020-12-16 00:06:10.453614+00,2020-12-16 00:06:10.453627+00,,,WLINGI,,,3505,
3505150,2020-12-16 00:06:10.456095+00,2020-12-16 00:06:10.456108+00,,,GANDUSARI,,,3505,
3505160,2020-12-16 00:06:10.458313+00,2020-12-16 00:06:10.458325+00,,,GARUM,,,3505,
3505170,2020-12-16 00:06:10.460717+00,2020-12-16 00:06:10.46073+00,,,NGLEGOK,,,3505,
3505180,2020-12-16 00:06:10.463003+00,2020-12-16 00:06:10.463016+00,,,SANANKULON,,,3505,
3505190,2020-12-16 00:06:10.465255+00,2020-12-16 00:06:10.465267+00,,,PONGGOK,,,3505,
3505200,2020-12-16 00:06:10.467457+00,2020-12-16 00:06:10.46747+00,,,SRENGAT,,,3505,
3505210,2020-12-16 00:06:10.469619+00,2020-12-16 00:06:10.469632+00,,,WONODADI,,,3505,
3505220,2020-12-16 00:06:10.471834+00,2020-12-16 00:06:10.471846+00,,,UDANAWU,,,3505,
3506010,2020-12-16 00:06:10.474589+00,2020-12-16 00:06:10.474605+00,,,MOJO,,,3506,
3506020,2020-12-16 00:06:10.477403+00,2020-12-16 00:06:10.477416+00,,,SEMEN,,,3506,
3506030,2020-12-16 00:06:10.479918+00,2020-12-16 00:06:10.479931+00,,,NGADILUWIH,,,3506,
3506040,2020-12-16 00:06:10.482208+00,2020-12-16 00:06:10.482221+00,,,KRAS,,,3506,
3506050,2020-12-16 00:06:10.484609+00,2020-12-16 00:06:10.484621+00,,,RINGINREJO,,,3506,
3506060,2020-12-16 00:06:10.48691+00,2020-12-16 00:06:10.486923+00,,,KANDAT,,,3506,
3506070,2020-12-16 00:06:10.489213+00,2020-12-16 00:06:10.489225+00,,,WATES,,,3506,
3506080,2020-12-16 00:06:10.491501+00,2020-12-16 00:06:10.491514+00,,,NGANCAR,,,3506,
3506090,2020-12-16 00:06:10.493678+00,2020-12-16 00:06:10.49369+00,,,PLOSOKLATEN,,,3506,
3506100,2020-12-16 00:06:10.49589+00,2020-12-16 00:06:10.495903+00,,,GURAH,,,3506,
3506110,2020-12-16 00:06:10.49807+00,2020-12-16 00:06:10.498082+00,,,PUNCU,,,3506,
3506120,2020-12-16 00:06:10.500331+00,2020-12-16 00:06:10.500343+00,,,KEPUNG,,,3506,
3506130,2020-12-16 00:06:10.502586+00,2020-12-16 00:06:10.502598+00,,,KANDANGAN,,,3506,
3506140,2020-12-16 00:06:10.505039+00,2020-12-16 00:06:10.505052+00,,,PARE,,,3506,
3506141,2020-12-16 00:06:10.507275+00,2020-12-16 00:06:10.507287+00,,,BADAS,,,3506,
3506150,2020-12-16 00:06:10.509519+00,2020-12-16 00:06:10.50953+00,,,KUNJANG,,,3506,
3506160,2020-12-16 00:06:10.511748+00,2020-12-16 00:06:10.51176+00,,,PLEMAHAN,,,3506,
3506170,2020-12-16 00:06:10.515483+00,2020-12-16 00:06:10.515526+00,,,PURWOASRI,,,3506,
3506180,2020-12-16 00:06:10.519428+00,2020-12-16 00:06:10.519454+00,,,PAPAR,,,3506,
3506190,2020-12-16 00:06:10.522355+00,2020-12-16 00:06:10.52239+00,,,PAGU,,,3506,
3506191,2020-12-16 00:06:10.526071+00,2020-12-16 00:06:10.526108+00,,,KAYEN KIDUL,,,3506,
3506200,2020-12-16 00:06:10.529448+00,2020-12-16 00:06:10.529482+00,,,GAMPENGREJO,,,3506,
3506201,2020-12-16 00:06:10.533719+00,2020-12-16 00:06:10.533764+00,,,NGASEM,,,3506,
3506210,2020-12-16 00:06:10.538035+00,2020-12-16 00:06:10.538063+00,,,BANYAKAN,,,3506,
3506220,2020-12-16 00:06:10.541324+00,2020-12-16 00:06:10.54135+00,,,GROGOL,,,3506,
3506230,2020-12-16 00:06:10.544548+00,2020-12-16 00:06:10.544575+00,,,TAROKAN,,,3506,
3507010,2020-12-16 00:06:10.547697+00,2020-12-16 00:06:10.547724+00,,,DONOMULYO,,,3507,
3507020,2020-12-16 00:06:10.550926+00,2020-12-16 00:06:10.550949+00,,,KALIPARE,,,3507,
3507030,2020-12-16 00:06:10.553905+00,2020-12-16 00:06:10.553928+00,,,PAGAK,,,3507,
3507040,2020-12-16 00:06:10.55709+00,2020-12-16 00:06:10.557114+00,,,BANTUR,,,3507,
3507050,2020-12-16 00:06:10.560451+00,2020-12-16 00:06:10.560479+00,,,GEDANGAN,,,3507,
3507060,2020-12-16 00:06:10.56361+00,2020-12-16 00:06:10.563635+00,,,SUMBERMANJING,,,3507,
3507070,2020-12-16 00:06:10.566624+00,2020-12-16 00:06:10.56665+00,,,DAMPIT,,,3507,
3507080,2020-12-16 00:06:10.569802+00,2020-12-16 00:06:10.569817+00,,,TIRTO YUDO,,,3507,
3507090,2020-12-16 00:06:10.572356+00,2020-12-16 00:06:10.57237+00,,,AMPELGADING,,,3507,
3507100,2020-12-16 00:06:10.574859+00,2020-12-16 00:06:10.574874+00,,,PONCOKUSUMO,,,3507,
3507110,2020-12-16 00:06:10.577374+00,2020-12-16 00:06:10.577388+00,,,WAJAK,,,3507,
3507120,2020-12-16 00:06:10.579944+00,2020-12-16 00:06:10.579958+00,,,TUREN,,,3507,
3507130,2020-12-16 00:06:10.583182+00,2020-12-16 00:06:10.583266+00,,,BULULAWANG,,,3507,
3507140,2020-12-16 00:06:10.594658+00,2020-12-16 00:06:10.594686+00,,,GONDANGLEGI,,,3507,
3507150,2020-12-16 00:06:10.604996+00,2020-12-16 00:06:10.605029+00,,,PAGELARAN,,,3507,
3507160,2020-12-16 00:06:10.60876+00,2020-12-16 00:06:10.608791+00,,,KEPANJEN,,,3507,
3507170,2020-12-16 00:06:10.612293+00,2020-12-16 00:06:10.612323+00,,,SUMBER PUCUNG,,,3507,
3507180,2020-12-16 00:06:10.623142+00,2020-12-16 00:06:10.623171+00,,,KROMENGAN,,,3507,
3507190,2020-12-16 00:06:10.634698+00,2020-12-16 00:06:10.634737+00,,,NGAJUM,,,3507,
3507200,2020-12-16 00:06:10.646065+00,2020-12-16 00:06:10.646079+00,,,WONOSARI,,,3507,
3507210,2020-12-16 00:06:10.649659+00,2020-12-16 00:06:10.649674+00,,,WAGIR,,,3507,
3507220,2020-12-16 00:06:10.654086+00,2020-12-16 00:06:10.654101+00,,,PAKISAJI,,,3507,
3507230,2020-12-16 00:06:10.664707+00,2020-12-16 00:06:10.664732+00,,,TAJINAN,,,3507,
3507240,2020-12-16 00:06:10.676102+00,2020-12-16 00:06:10.676137+00,,,TUMPANG,,,3507,
3507250,2020-12-16 00:06:10.680716+00,2020-12-16 00:06:10.68075+00,,,PAKIS,,,3507,
3507260,2020-12-16 00:06:10.695311+00,2020-12-16 00:06:10.695355+00,,,JABUNG,,,3507,
3507270,2020-12-16 00:06:10.707107+00,2020-12-16 00:06:10.707146+00,,,LAWANG,,,3507,
3507280,2020-12-16 00:06:10.711842+00,2020-12-16 00:06:10.711881+00,,,SINGOSARI,,,3507,
3507290,2020-12-16 00:06:10.726087+00,2020-12-16 00:06:10.726134+00,,,KARANGPLOSO,,,3507,
3507300,2020-12-16 00:06:10.738126+00,2020-12-16 00:06:10.738162+00,,,DAU,,,3507,
3507310,2020-12-16 00:06:10.742515+00,2020-12-16 00:06:10.742552+00,,,PUJON,,,3507,
3507320,2020-12-16 00:06:10.7572+00,2020-12-16 00:06:10.757248+00,,,NGANTANG,,,3507,
3507330,2020-12-16 00:06:10.762009+00,2020-12-16 00:06:10.762054+00,,,KASEMBON,,,3507,
3508010,2020-12-16 00:06:10.772497+00,2020-12-16 00:06:10.772523+00,,,TEMPURSARI,,,3508,
3508020,2020-12-16 00:06:10.783954+00,2020-12-16 00:06:10.78399+00,,,PRONOJIWO,,,3508,
3508030,2020-12-16 00:06:10.79484+00,2020-12-16 00:06:10.794883+00,,,CANDIPURO,,,3508,
3508040,2020-12-16 00:06:10.799803+00,2020-12-16 00:06:10.799846+00,,,PASIRIAN,,,3508,
3508050,2020-12-16 00:06:10.804841+00,2020-12-16 00:06:10.804885+00,,,TEMPEH,,,3508,
3508060,2020-12-16 00:06:10.814066+00,2020-12-16 00:06:10.814079+00,,,LUMAJANG,,,3508,
3508061,2020-12-16 00:06:10.816692+00,2020-12-16 00:06:10.816715+00,,,SUMBERSUKO,,,3508,
3508070,2020-12-16 00:06:10.819755+00,2020-12-16 00:06:10.819777+00,,,TEKUNG,,,3508,
3508080,2020-12-16 00:06:10.822968+00,2020-12-16 00:06:10.82299+00,,,KUNIR,,,3508,
3508090,2020-12-16 00:06:10.832947+00,2020-12-16 00:06:10.83298+00,,,YOSOWILANGUN,,,3508,
3508100,2020-12-16 00:06:10.847688+00,2020-12-16 00:06:10.847737+00,,,ROWOKANGKUNG,,,3508,
3508110,2020-12-16 00:06:10.852797+00,2020-12-16 00:06:10.85284+00,,,JATIROTO,,,3508,
3508120,2020-12-16 00:06:10.864999+00,2020-12-16 00:06:10.865038+00,,,RANDUAGUNG,,,3508,
3508130,2020-12-16 00:06:10.869263+00,2020-12-16 00:06:10.869302+00,,,SUKODONO,,,3508,
3508140,2020-12-16 00:06:10.873405+00,2020-12-16 00:06:10.873443+00,,,PADANG,,,3508,
3508150,2020-12-16 00:06:10.883378+00,2020-12-16 00:06:10.883392+00,,,PASRUJAMBE,,,3508,
3508160,2020-12-16 00:06:10.892672+00,2020-12-16 00:06:10.892693+00,,,SENDURO,,,3508,
3508170,2020-12-16 00:06:10.903478+00,2020-12-16 00:06:10.903511+00,,,GUCIALIT,,,3508,
3508180,2020-12-16 00:06:10.913884+00,2020-12-16 00:06:10.913927+00,,,KEDUNGJAJANG,,,3508,
3508190,2020-12-16 00:06:10.918333+00,2020-12-16 00:06:10.918374+00,,,KLAKAH,,,3508,
3508200,2020-12-16 00:06:10.923092+00,2020-12-16 00:06:10.923137+00,,,RANUYOSO,,,3508,
3509010,2020-12-16 00:06:10.926215+00,2020-12-16 00:06:10.926228+00,,,KENCONG,,,3509,
3509020,2020-12-16 00:06:10.929121+00,2020-12-16 00:06:10.929134+00,,,GUMUK MAS,,,3509,
3509030,2020-12-16 00:06:10.931751+00,2020-12-16 00:06:10.931764+00,,,PUGER,,,3509,
3509040,2020-12-16 00:06:10.934153+00,2020-12-16 00:06:10.934174+00,,,WULUHAN,,,3509,
3509050,2020-12-16 00:06:10.936714+00,2020-12-16 00:06:10.936735+00,,,AMBULU,,,3509,
3509060,2020-12-16 00:06:10.94103+00,2020-12-16 00:06:10.941082+00,,,TEMPUREJO,,,3509,
3509070,2020-12-16 00:06:10.945351+00,2020-12-16 00:06:10.945386+00,,,SILO,,,3509,
3509080,2020-12-16 00:06:10.949434+00,2020-12-16 00:06:10.94949+00,,,MAYANG,,,3509,
3509090,2020-12-16 00:06:10.954352+00,2020-12-16 00:06:10.954376+00,,,MUMBULSARI,,,3509,
3509100,2020-12-16 00:06:10.957581+00,2020-12-16 00:06:10.957595+00,,,JENGGAWAH,,,3509,
3509110,2020-12-16 00:06:10.960643+00,2020-12-16 00:06:10.960657+00,,,AJUNG,,,3509,
3509120,2020-12-16 00:06:10.963804+00,2020-12-16 00:06:10.963819+00,,,RAMBIPUJI,,,3509,
3509130,2020-12-16 00:06:10.966838+00,2020-12-16 00:06:10.966853+00,,,BALUNG,,,3509,
3509140,2020-12-16 00:06:10.969463+00,2020-12-16 00:06:10.969478+00,,,UMBULSARI,,,3509,
3509150,2020-12-16 00:06:10.972018+00,2020-12-16 00:06:10.972033+00,,,SEMBORO,,,3509,
3509160,2020-12-16 00:06:10.974731+00,2020-12-16 00:06:10.974745+00,,,JOMBANG,,,3509,
3509170,2020-12-16 00:06:10.977548+00,2020-12-16 00:06:10.977562+00,,,SUMBER BARU,,,3509,
3509180,2020-12-16 00:06:10.980417+00,2020-12-16 00:06:10.980431+00,,,TANGGUL,,,3509,
3509190,2020-12-16 00:06:10.983493+00,2020-12-16 00:06:10.983505+00,,,BANGSALSARI,,,3509,
3509200,2020-12-16 00:06:10.98586+00,2020-12-16 00:06:10.985874+00,,,PANTI,,,3509,
3509210,2020-12-16 00:06:10.988533+00,2020-12-16 00:06:10.988547+00,,,SUKORAMBI,,,3509,
3509220,2020-12-16 00:06:10.991211+00,2020-12-16 00:06:10.991226+00,,,ARJASA,,,3509,
3509230,2020-12-16 00:06:10.993784+00,2020-12-16 00:06:10.993796+00,,,PAKUSARI,,,3509,
3509240,2020-12-16 00:06:10.996289+00,2020-12-16 00:06:10.996303+00,,,KALISAT,,,3509,
3509250,2020-12-16 00:06:10.998753+00,2020-12-16 00:06:10.998767+00,,,LEDOKOMBO,,,3509,
3509260,2020-12-16 00:06:11.001271+00,2020-12-16 00:06:11.001285+00,,,SUMBERJAMBE,,,3509,
3509270,2020-12-16 00:06:11.003706+00,2020-12-16 00:06:11.00372+00,,,SUKOWONO,,,3509,
3509280,2020-12-16 00:06:11.006207+00,2020-12-16 00:06:11.00622+00,,,JELBUK,,,3509,
3509710,2020-12-16 00:06:11.008656+00,2020-12-16 00:06:11.00867+00,,,KALIWATES,,,3509,
3509720,2020-12-16 00:06:11.011083+00,2020-12-16 00:06:11.011098+00,,,SUMBERSARI,,,3509,
3509730,2020-12-16 00:06:11.013928+00,2020-12-16 00:06:11.013944+00,,,PATRANG,,,3509,
3510010,2020-12-16 00:06:11.016491+00,2020-12-16 00:06:11.016504+00,,,PESANGGARAN,,,3510,
3510011,2020-12-16 00:06:11.018871+00,2020-12-16 00:06:11.018884+00,,,SILIRAGUNG,,,3510,
3510020,2020-12-16 00:06:11.022113+00,2020-12-16 00:06:11.022151+00,,,BANGOREJO,,,3510,
3510030,2020-12-16 00:06:11.025169+00,2020-12-16 00:06:11.025202+00,,,PURWOHARJO,,,3510,
3510040,2020-12-16 00:06:11.028149+00,2020-12-16 00:06:11.028178+00,,,TEGALDLIMO,,,3510,
3510050,2020-12-16 00:06:11.03163+00,2020-12-16 00:06:11.031659+00,,,MUNCAR,,,3510,
3510060,2020-12-16 00:06:11.035078+00,2020-12-16 00:06:11.035108+00,,,CLURING,,,3510,
3510070,2020-12-16 00:06:11.038471+00,2020-12-16 00:06:11.038488+00,,,GAMBIRAN,,,3510,
3510071,2020-12-16 00:06:11.041319+00,2020-12-16 00:06:11.041334+00,,,TEGALSARI,,,3510,
3510080,2020-12-16 00:06:11.044206+00,2020-12-16 00:06:11.044221+00,,,GLENMORE,,,3510,
3510090,2020-12-16 00:06:11.04716+00,2020-12-16 00:06:11.047175+00,,,KALIBARU,,,3510,
3510100,2020-12-16 00:06:11.050033+00,2020-12-16 00:06:11.050048+00,,,GENTENG,,,3510,
3510110,2020-12-16 00:06:11.052472+00,2020-12-16 00:06:11.052487+00,,,SRONO,,,3510,
3510120,2020-12-16 00:06:11.05485+00,2020-12-16 00:06:11.054867+00,,,ROGOJAMPI,,,3510,
3510130,2020-12-16 00:06:11.05738+00,2020-12-16 00:06:11.0574+00,,,KABAT,,,3510,
3510140,2020-12-16 00:06:11.059882+00,2020-12-16 00:06:11.059897+00,,,SINGOJURUH,,,3510,
3510150,2020-12-16 00:06:11.062056+00,2020-12-16 00:06:11.06207+00,,,SEMPU,,,3510,
3510160,2020-12-16 00:06:11.064232+00,2020-12-16 00:06:11.064247+00,,,SONGGON,,,3510,
3510170,2020-12-16 00:06:11.066614+00,2020-12-16 00:06:11.066629+00,,,GLAGAH,,,3510,
3510171,2020-12-16 00:06:11.068697+00,2020-12-16 00:06:11.068711+00,,,LICIN,,,3510,
3510180,2020-12-16 00:06:11.070698+00,2020-12-16 00:06:11.070713+00,,,BANYUWANGI,,,3510,
3510190,2020-12-16 00:06:11.072866+00,2020-12-16 00:06:11.072881+00,,,GIRI,,,3510,
3510200,2020-12-16 00:06:11.075133+00,2020-12-16 00:06:11.075148+00,,,KALIPURO,,,3510,
3510210,2020-12-16 00:06:11.07746+00,2020-12-16 00:06:11.077475+00,,,WONGSOREJO,,,3510,
3511010,2020-12-16 00:06:11.079542+00,2020-12-16 00:06:11.079556+00,,,MAESAN,,,3511,
3511020,2020-12-16 00:06:11.081607+00,2020-12-16 00:06:11.081621+00,,,GRUJUGAN,,,3511,
3511030,2020-12-16 00:06:11.083743+00,2020-12-16 00:06:11.083757+00,,,TAMANAN,,,3511,
3511031,2020-12-16 00:06:11.085765+00,2020-12-16 00:06:11.085778+00,,,JAMBESARI DARUS SHOLAH,,,3511,
3511040,2020-12-16 00:06:11.087998+00,2020-12-16 00:06:11.088011+00,,,PUJER,,,3511,
3511050,2020-12-16 00:06:11.090341+00,2020-12-16 00:06:11.090354+00,,,TLOGOSARI,,,3511,
3511060,2020-12-16 00:06:11.092712+00,2020-12-16 00:06:11.092725+00,,,SUKOSARI,,,3511,
3511061,2020-12-16 00:06:11.094916+00,2020-12-16 00:06:11.094929+00,,,SUMBER WRINGIN,,,3511,
3511070,2020-12-16 00:06:11.097174+00,2020-12-16 00:06:11.097187+00,,,TAPEN,,,3511,
3511080,2020-12-16 00:06:11.099354+00,2020-12-16 00:06:11.099367+00,,,WONOSARI,,,3511,
3511090,2020-12-16 00:06:11.101426+00,2020-12-16 00:06:11.101438+00,,,TENGGARANG,,,3511,
3511100,2020-12-16 00:06:11.103662+00,2020-12-16 00:06:11.103675+00,,,BONDOWOSO,,,3511,
3511110,2020-12-16 00:06:11.105948+00,2020-12-16 00:06:11.10596+00,,,CURAH DAMI,,,3511,
3511111,2020-12-16 00:06:11.10828+00,2020-12-16 00:06:11.108292+00,,,BINAKAL,,,3511,
3511120,2020-12-16 00:06:11.110929+00,2020-12-16 00:06:11.110943+00,,,PAKEM,,,3511,
3511130,2020-12-16 00:06:11.113523+00,2020-12-16 00:06:11.113537+00,,,WRINGIN,,,3511,
3511140,2020-12-16 00:06:11.115892+00,2020-12-16 00:06:11.115905+00,,,TEGALAMPEL,,,3511,
3511141,2020-12-16 00:06:11.11821+00,2020-12-16 00:06:11.118222+00,,,TAMAN KROCOK,,,3511,
3511150,2020-12-16 00:06:11.12054+00,2020-12-16 00:06:11.120552+00,,,KLABANG,,,3511,
3511151,2020-12-16 00:06:11.122825+00,2020-12-16 00:06:11.122837+00,,,SEMPOL,,,3511,
3511152,2020-12-16 00:06:11.125602+00,2020-12-16 00:06:11.125616+00,,,BOTOLINGGO,,,3511,
3511160,2020-12-16 00:06:11.128314+00,2020-12-16 00:06:11.128328+00,,,PRAJEKAN,,,3511,
3511170,2020-12-16 00:06:11.130971+00,2020-12-16 00:06:11.130984+00,,,CERMEE,,,3511,
3512010,2020-12-16 00:06:11.133613+00,2020-12-16 00:06:11.133627+00,,,SUMBERMALANG,,,3512,
3512020,2020-12-16 00:06:11.136271+00,2020-12-16 00:06:11.136285+00,,,JATIBANTENG,,,3512,
3512030,2020-12-16 00:06:11.138559+00,2020-12-16 00:06:11.138572+00,,,BANYUGLUGUR,,,3512,
3512040,2020-12-16 00:06:11.141133+00,2020-12-16 00:06:11.141148+00,,,BESUKI,,,3512,
3512050,2020-12-16 00:06:11.143879+00,2020-12-16 00:06:11.143893+00,,,SUBOH,,,3512,
3512060,2020-12-16 00:06:11.146542+00,2020-12-16 00:06:11.146556+00,,,MLANDINGAN,,,3512,
3512070,2020-12-16 00:06:11.149253+00,2020-12-16 00:06:11.149266+00,,,BUNGATAN,,,3512,
3512080,2020-12-16 00:06:11.151922+00,2020-12-16 00:06:11.151936+00,,,KENDIT,,,3512,
3512090,2020-12-16 00:06:11.154443+00,2020-12-16 00:06:11.154456+00,,,PANARUKAN,,,3512,
3512100,2020-12-16 00:06:11.156653+00,2020-12-16 00:06:11.156665+00,,,SITUBONDO,,,3512,
3512110,2020-12-16 00:06:11.159196+00,2020-12-16 00:06:11.15923+00,,,MANGARAN,,,3512,
3512120,2020-12-16 00:06:11.161797+00,2020-12-16 00:06:11.161811+00,,,PANJI,,,3512,
3512130,2020-12-16 00:06:11.164592+00,2020-12-16 00:06:11.164606+00,,,KAPONGAN,,,3512,
3512140,2020-12-16 00:06:11.166985+00,2020-12-16 00:06:11.166997+00,,,ARJASA,,,3512,
3512150,2020-12-16 00:06:11.169298+00,2020-12-16 00:06:11.16931+00,,,JANGKAR,,,3512,
3512160,2020-12-16 00:06:11.171589+00,2020-12-16 00:06:11.171603+00,,,ASEMBAGUS,,,3512,
3512170,2020-12-16 00:06:11.173835+00,2020-12-16 00:06:11.173847+00,,,BANYUPUTIH,,,3512,
3513010,2020-12-16 00:06:11.176078+00,2020-12-16 00:06:11.176091+00,,,SUKAPURA,,,3513,
3513020,2020-12-16 00:06:11.178457+00,2020-12-16 00:06:11.178469+00,,,SUMBER,,,3513,
3513030,2020-12-16 00:06:11.180848+00,2020-12-16 00:06:11.180861+00,,,KURIPAN,,,3513,
3513040,2020-12-16 00:06:11.18309+00,2020-12-16 00:06:11.183102+00,,,BANTARAN,,,3513,
3513050,2020-12-16 00:06:11.186008+00,2020-12-16 00:06:11.186024+00,,,LECES,,,3513,
3513060,2020-12-16 00:06:11.188981+00,2020-12-16 00:06:11.189003+00,,,TEGALSIWALAN,,,3513,
3513070,2020-12-16 00:06:11.19248+00,2020-12-16 00:06:11.192499+00,,,BANYUANYAR,,,3513,
3513080,2020-12-16 00:06:11.195639+00,2020-12-16 00:06:11.195655+00,,,TIRIS,,,3513,
3513090,2020-12-16 00:06:11.198358+00,2020-12-16 00:06:11.198371+00,,,KRUCIL,,,3513,
3513100,2020-12-16 00:06:11.200707+00,2020-12-16 00:06:11.200722+00,,,GADING,,,3513,
3513110,2020-12-16 00:06:11.203266+00,2020-12-16 00:06:11.203281+00,,,PAKUNIRAN,,,3513,
3513120,2020-12-16 00:06:11.205662+00,2020-12-16 00:06:11.205677+00,,,KOTAANYAR,,,3513,
3513130,2020-12-16 00:06:11.208044+00,2020-12-16 00:06:11.208059+00,,,PAITON,,,3513,
3513140,2020-12-16 00:06:11.210615+00,2020-12-16 00:06:11.21063+00,,,BESUK,,,3513,
3513150,2020-12-16 00:06:11.213376+00,2020-12-16 00:06:11.213391+00,,,KRAKSAAN,,,3513,
3513160,2020-12-16 00:06:11.215776+00,2020-12-16 00:06:11.215791+00,,,KREJENGAN,,,3513,
3513170,2020-12-16 00:06:11.218168+00,2020-12-16 00:06:11.218184+00,,,PAJARAKAN,,,3513,
3513180,2020-12-16 00:06:11.220585+00,2020-12-16 00:06:11.220598+00,,,MARON,,,3513,
3513190,2020-12-16 00:06:11.223015+00,2020-12-16 00:06:11.22303+00,,,GENDING,,,3513,
3513200,2020-12-16 00:06:11.225419+00,2020-12-16 00:06:11.225434+00,,,DRINGU,,,3513,
3513210,2020-12-16 00:06:11.228311+00,2020-12-16 00:06:11.228326+00,,,WONOMERTO,,,3513,
3513220,2020-12-16 00:06:11.230727+00,2020-12-16 00:06:11.230742+00,,,LUMBANG,,,3513,
3513230,2020-12-16 00:06:11.233178+00,2020-12-16 00:06:11.233192+00,,,TONGAS,,,3513,
3513240,2020-12-16 00:06:11.235545+00,2020-12-16 00:06:11.235559+00,,,SUMBERASIH,,,3513,
3514010,2020-12-16 00:06:11.237887+00,2020-12-16 00:06:11.237902+00,,,PURWODADI,,,3514,
3514020,2020-12-16 00:06:11.240211+00,2020-12-16 00:06:11.240225+00,,,TUTUR,,,3514,
3514030,2020-12-16 00:06:11.24292+00,2020-12-16 00:06:11.242934+00,,,PUSPO,,,3514,
3514040,2020-12-16 00:06:11.245477+00,2020-12-16 00:06:11.245491+00,,,TOSARI,,,3514,
3514050,2020-12-16 00:06:11.247985+00,2020-12-16 00:06:11.248+00,,,LUMBANG,,,3514,
3514060,2020-12-16 00:06:11.250415+00,2020-12-16 00:06:11.250429+00,,,PASREPAN,,,3514,
3514070,2020-12-16 00:06:11.252754+00,2020-12-16 00:06:11.252768+00,,,KEJAYAN,,,3514,
3514080,2020-12-16 00:06:11.255408+00,2020-12-16 00:06:11.255424+00,,,WONOREJO,,,3514,
3514090,2020-12-16 00:06:11.258302+00,2020-12-16 00:06:11.258316+00,,,PURWOSARI,,,3514,
3514100,2020-12-16 00:06:11.260717+00,2020-12-16 00:06:11.260735+00,,,PRIGEN,,,3514,
3514110,2020-12-16 00:06:11.263439+00,2020-12-16 00:06:11.263457+00,,,SUKOREJO,,,3514,
3514120,2020-12-16 00:06:11.265712+00,2020-12-16 00:06:11.265727+00,,,PANDAAN,,,3514,
3514130,2020-12-16 00:06:11.26779+00,2020-12-16 00:06:11.267803+00,,,GEMPOL,,,3514,
3514140,2020-12-16 00:06:11.269939+00,2020-12-16 00:06:11.269953+00,,,BEJI,,,3514,
3514150,2020-12-16 00:06:11.271984+00,2020-12-16 00:06:11.271998+00,,,BANGIL,,,3514,
3514160,2020-12-16 00:06:11.27415+00,2020-12-16 00:06:11.274165+00,,,REMBANG,,,3514,
3514170,2020-12-16 00:06:11.2764+00,2020-12-16 00:06:11.276415+00,,,KRATON,,,3514,
3514180,2020-12-16 00:06:11.278698+00,2020-12-16 00:06:11.278713+00,,,POHJENTREK,,,3514,
3514190,2020-12-16 00:06:11.280942+00,2020-12-16 00:06:11.280956+00,,,GONDANG WETAN,,,3514,
3514200,2020-12-16 00:06:11.283151+00,2020-12-16 00:06:11.283166+00,,,REJOSO,,,3514,
3514210,2020-12-16 00:06:11.2856+00,2020-12-16 00:06:11.285614+00,,,WINONGAN,,,3514,
3514220,2020-12-16 00:06:11.288305+00,2020-12-16 00:06:11.288319+00,,,GRATI,,,3514,
3514230,2020-12-16 00:06:11.290924+00,2020-12-16 00:06:11.290938+00,,,LEKOK,,,3514,
3514240,2020-12-16 00:06:11.293567+00,2020-12-16 00:06:11.293581+00,,,NGULING,,,3514,
3515010,2020-12-16 00:06:11.296074+00,2020-12-16 00:06:11.296088+00,,,TARIK,,,3515,
3515020,2020-12-16 00:06:11.298591+00,2020-12-16 00:06:11.298605+00,,,PRAMBON,,,3515,
3515030,2020-12-16 00:06:11.301375+00,2020-12-16 00:06:11.30139+00,,,KREMBUNG,,,3515,
3515040,2020-12-16 00:06:11.303891+00,2020-12-16 00:06:11.303905+00,,,PORONG,,,3515,
3515050,2020-12-16 00:06:11.306397+00,2020-12-16 00:06:11.30641+00,,,JABON,,,3515,
3515060,2020-12-16 00:06:11.309022+00,2020-12-16 00:06:11.309036+00,,,TANGGULANGIN,,,3515,
3515070,2020-12-16 00:06:11.311552+00,2020-12-16 00:06:11.311564+00,,,CANDI,,,3515,
3515080,2020-12-16 00:06:11.314015+00,2020-12-16 00:06:11.314027+00,,,TULANGAN,,,3515,
3515090,2020-12-16 00:06:11.316451+00,2020-12-16 00:06:11.316463+00,,,WONOAYU,,,3515,
3515100,2020-12-16 00:06:11.319006+00,2020-12-16 00:06:11.319041+00,,,SUKODONO,,,3515,
3515110,2020-12-16 00:06:11.323175+00,2020-12-16 00:06:11.323251+00,,,SIDOARJO,,,3515,
3515120,2020-12-16 00:06:11.327447+00,2020-12-16 00:06:11.327473+00,,,BUDURAN,,,3515,
3515130,2020-12-16 00:06:11.330273+00,2020-12-16 00:06:11.330296+00,,,SEDATI,,,3515,
3515140,2020-12-16 00:06:11.333432+00,2020-12-16 00:06:11.333457+00,,,WARU,,,3515,
3515150,2020-12-16 00:06:11.336609+00,2020-12-16 00:06:11.336634+00,,,GEDANGAN,,,3515,
3515160,2020-12-16 00:06:11.339699+00,2020-12-16 00:06:11.339713+00,,,TAMAN,,,3515,
3515170,2020-12-16 00:06:11.342358+00,2020-12-16 00:06:11.342372+00,,,KRIAN,,,3515,
3515180,2020-12-16 00:06:11.345014+00,2020-12-16 00:06:11.345028+00,,,BALONG BENDO,,,3515,
3516010,2020-12-16 00:06:11.347696+00,2020-12-16 00:06:11.34771+00,,,JATIREJO,,,3516,
3516020,2020-12-16 00:06:11.350345+00,2020-12-16 00:06:11.350359+00,,,GONDANG,,,3516,
3516030,2020-12-16 00:06:11.353104+00,2020-12-16 00:06:11.353119+00,,,PACET,,,3516,
3516040,2020-12-16 00:06:11.355924+00,2020-12-16 00:06:11.355938+00,,,TRAWAS,,,3516,
3516050,2020-12-16 00:06:11.358622+00,2020-12-16 00:06:11.358637+00,,,NGORO,,,3516,
3516060,2020-12-16 00:06:11.361318+00,2020-12-16 00:06:11.361333+00,,,PUNGGING,,,3516,
3516070,2020-12-16 00:06:11.365221+00,2020-12-16 00:06:11.365266+00,,,KUTOREJO,,,3516,
3516080,2020-12-16 00:06:11.369735+00,2020-12-16 00:06:11.369776+00,,,MOJOSARI,,,3516,
3516090,2020-12-16 00:06:11.373994+00,2020-12-16 00:06:11.374034+00,,,BANGSAL,,,3516,
3516091,2020-12-16 00:06:11.377613+00,2020-12-16 00:06:11.377626+00,,,MOJOANYAR,,,3516,
3516100,2020-12-16 00:06:11.379949+00,2020-12-16 00:06:11.379961+00,,,DLANGGU,,,3516,
3516110,2020-12-16 00:06:11.382264+00,2020-12-16 00:06:11.382276+00,,,PURI,,,3516,
3516120,2020-12-16 00:06:11.384579+00,2020-12-16 00:06:11.384592+00,,,TROWULAN,,,3516,
3516130,2020-12-16 00:06:11.386834+00,2020-12-16 00:06:11.386847+00,,,SOOKO,,,3516,
3516140,2020-12-16 00:06:11.389681+00,2020-12-16 00:06:11.389694+00,,,GEDEK,,,3516,
3516150,2020-12-16 00:06:11.392166+00,2020-12-16 00:06:11.392178+00,,,KEMLAGI,,,3516,
3516160,2020-12-16 00:06:11.39434+00,2020-12-16 00:06:11.394352+00,,,JETIS,,,3516,
3516170,2020-12-16 00:06:11.39656+00,2020-12-16 00:06:11.396572+00,,,DAWAR BLANDONG,,,3516,
3517010,2020-12-16 00:06:11.398774+00,2020-12-16 00:06:11.398786+00,,,BANDAR KEDUNG MULYO,,,3517,
3517020,2020-12-16 00:06:11.400878+00,2020-12-16 00:06:11.400891+00,,,PERAK,,,3517,
3517030,2020-12-16 00:06:11.403434+00,2020-12-16 00:06:11.403449+00,,,GUDO,,,3517,
3517040,2020-12-16 00:06:11.406043+00,2020-12-16 00:06:11.406056+00,,,DIWEK,,,3517,
3517050,2020-12-16 00:06:11.408434+00,2020-12-16 00:06:11.408447+00,,,NGORO,,,3517,
3517060,2020-12-16 00:06:11.411026+00,2020-12-16 00:06:11.411039+00,,,MOJOWARNO,,,3517,
3517070,2020-12-16 00:06:11.413277+00,2020-12-16 00:06:11.413291+00,,,BARENG,,,3517,
3517080,2020-12-16 00:06:11.415961+00,2020-12-16 00:06:11.415975+00,,,WONOSALAM,,,3517,
3517090,2020-12-16 00:06:11.418697+00,2020-12-16 00:06:11.418711+00,,,MOJOAGUNG,,,3517,
3517100,2020-12-16 00:06:11.421278+00,2020-12-16 00:06:11.421291+00,,,SUMOBITO,,,3517,
3517110,2020-12-16 00:06:11.423713+00,2020-12-16 00:06:11.423726+00,,,JOGO ROTO,,,3517,
3517120,2020-12-16 00:06:11.426047+00,2020-12-16 00:06:11.426059+00,,,PETERONGAN,,,3517,
3517130,2020-12-16 00:06:11.428437+00,2020-12-16 00:06:11.428451+00,,,JOMBANG,,,3517,
3517140,2020-12-16 00:06:11.431103+00,2020-12-16 00:06:11.431117+00,,,MEGALUH,,,3517,
3517150,2020-12-16 00:06:11.433876+00,2020-12-16 00:06:11.433889+00,,,TEMBELANG,,,3517,
3517160,2020-12-16 00:06:11.436552+00,2020-12-16 00:06:11.436565+00,,,KESAMBEN,,,3517,
3517170,2020-12-16 00:06:11.439496+00,2020-12-16 00:06:11.439509+00,,,KUDU,,,3517,
3517171,2020-12-16 00:06:11.442108+00,2020-12-16 00:06:11.442121+00,,,NGUSIKAN,,,3517,
3517180,2020-12-16 00:06:11.44488+00,2020-12-16 00:06:11.444893+00,,,PLOSO,,,3517,
3517190,2020-12-16 00:06:11.447592+00,2020-12-16 00:06:11.447605+00,,,KABUH,,,3517,
3517200,2020-12-16 00:06:11.450173+00,2020-12-16 00:06:11.450187+00,,,PLANDAAN,,,3517,
3518010,2020-12-16 00:06:11.452401+00,2020-12-16 00:06:11.452414+00,,,SAWAHAN,,,3518,
3518020,2020-12-16 00:06:11.459143+00,2020-12-16 00:06:11.459156+00,,,NGETOS,,,3518,
3518030,2020-12-16 00:06:11.464128+00,2020-12-16 00:06:11.46415+00,,,BERBEK,,,3518,
3518040,2020-12-16 00:06:11.467027+00,2020-12-16 00:06:11.467049+00,,,LOCERET,,,3518,
3518050,2020-12-16 00:06:11.470025+00,2020-12-16 00:06:11.470048+00,,,PACE,,,3518,
3518060,2020-12-16 00:06:11.473311+00,2020-12-16 00:06:11.473333+00,,,TANJUNGANOM,,,3518,
3518070,2020-12-16 00:06:11.476372+00,2020-12-16 00:06:11.476393+00,,,PRAMBON,,,3518,
3518080,2020-12-16 00:06:11.479491+00,2020-12-16 00:06:11.479512+00,,,NGRONGGOT,,,3518,
3518090,2020-12-16 00:06:11.48263+00,2020-12-16 00:06:11.482652+00,,,KERTOSONO,,,3518,
3518100,2020-12-16 00:06:11.485827+00,2020-12-16 00:06:11.485851+00,,,PATIANROWO,,,3518,
3518110,2020-12-16 00:06:11.488886+00,2020-12-16 00:06:11.488909+00,,,BARON,,,3518,
3518120,2020-12-16 00:06:11.492256+00,2020-12-16 00:06:11.492281+00,,,GONDANG,,,3518,
3518130,2020-12-16 00:06:11.495217+00,2020-12-16 00:06:11.495253+00,,,SUKOMORO,,,3518,
3518140,2020-12-16 00:06:11.498138+00,2020-12-16 00:06:11.49816+00,,,NGANJUK,,,3518,
3518150,2020-12-16 00:06:11.501226+00,2020-12-16 00:06:11.501249+00,,,BAGOR,,,3518,
3518160,2020-12-16 00:06:11.5042+00,2020-12-16 00:06:11.504223+00,,,WILANGAN,,,3518,
3518170,2020-12-16 00:06:11.507338+00,2020-12-16 00:06:11.507362+00,,,REJOSO,,,3518,
3518180,2020-12-16 00:06:11.510626+00,2020-12-16 00:06:11.510648+00,,,NGLUYU,,,3518,
3518190,2020-12-16 00:06:11.513763+00,2020-12-16 00:06:11.513784+00,,,LENGKONG,,,3518,
3518200,2020-12-16 00:06:11.516742+00,2020-12-16 00:06:11.516762+00,,,JATIKALEN,,,3518,
3519010,2020-12-16 00:06:11.519683+00,2020-12-16 00:06:11.519704+00,,,KEBONSARI,,,3519,
3519020,2020-12-16 00:06:11.522778+00,2020-12-16 00:06:11.522852+00,,,GEGER,,,3519,
3519030,2020-12-16 00:06:11.527421+00,2020-12-16 00:06:11.527466+00,,,DOLOPO,,,3519,
3519040,2020-12-16 00:06:11.53219+00,2020-12-16 00:06:11.532235+00,,,DAGANGAN,,,3519,
3519050,2020-12-16 00:06:11.535703+00,2020-12-16 00:06:11.535718+00,,,WUNGU,,,3519,
3519060,2020-12-16 00:06:11.538735+00,2020-12-16 00:06:11.53875+00,,,KARE,,,3519,
3519070,2020-12-16 00:06:11.541995+00,2020-12-16 00:06:11.542009+00,,,GEMARANG,,,3519,
3519080,2020-12-16 00:06:11.544758+00,2020-12-16 00:06:11.54478+00,,,SARADAN,,,3519,
3519090,2020-12-16 00:06:11.548134+00,2020-12-16 00:06:11.548158+00,,,PILANGKENCENG,,,3519,
3519100,2020-12-16 00:06:11.551473+00,2020-12-16 00:06:11.551498+00,,,MEJAYAN,,,3519,
3519110,2020-12-16 00:06:11.554526+00,2020-12-16 00:06:11.554549+00,,,WONOASRI,,,3519,
3519120,2020-12-16 00:06:11.558049+00,2020-12-16 00:06:11.558075+00,,,BALEREJO,,,3519,
3519130,2020-12-16 00:06:11.561471+00,2020-12-16 00:06:11.561496+00,,,MADIUN,,,3519,
3519140,2020-12-16 00:06:11.564735+00,2020-12-16 00:06:11.56476+00,,,SAWAHAN,,,3519,
3519150,2020-12-16 00:06:11.568253+00,2020-12-16 00:06:11.56828+00,,,JIWAN,,,3519,
3520010,2020-12-16 00:06:11.571585+00,2020-12-16 00:06:11.571611+00,,,PONCOL,,,3520,
3520020,2020-12-16 00:06:11.574798+00,2020-12-16 00:06:11.574826+00,,,PARANG,,,3520,
3520030,2020-12-16 00:06:11.578326+00,2020-12-16 00:06:11.578358+00,,,LEMBEYAN,,,3520,
3520040,2020-12-16 00:06:11.582267+00,2020-12-16 00:06:11.582303+00,,,TAKERAN,,,3520,
3520041,2020-12-16 00:06:11.586083+00,2020-12-16 00:06:11.586098+00,,,NGUNTORONADI,,,3520,
3520050,2020-12-16 00:06:11.589028+00,2020-12-16 00:06:11.589043+00,,,KAWEDANAN,,,3520,
3520060,2020-12-16 00:06:11.591659+00,2020-12-16 00:06:11.591674+00,,,MAGETAN,,,3520,
3520061,2020-12-16 00:06:11.594028+00,2020-12-16 00:06:11.594042+00,,,NGARIBOYO,,,3520,
3520070,2020-12-16 00:06:11.596355+00,2020-12-16 00:06:11.59637+00,,,PLAOSAN,,,3520,
3520071,2020-12-16 00:06:11.598713+00,2020-12-16 00:06:11.598728+00,,,SIDOREJO,,,3520,
3520080,2020-12-16 00:06:11.601277+00,2020-12-16 00:06:11.601313+00,,,PANEKAN,,,3520,
3520090,2020-12-16 00:06:11.604594+00,2020-12-16 00:06:11.604626+00,,,SUKOMORO,,,3520,
3520100,2020-12-16 00:06:11.607971+00,2020-12-16 00:06:11.608006+00,,,BENDO,,,3520,
3520110,2020-12-16 00:06:11.611324+00,2020-12-16 00:06:11.611358+00,,,MAOSPATI,,,3520,
3520120,2020-12-16 00:06:11.614774+00,2020-12-16 00:06:11.614807+00,,,KARANGREJO,,,3520,
3520121,2020-12-16 00:06:11.618079+00,2020-12-16 00:06:11.61809+00,,,KARAS,,,3520,
3520130,2020-12-16 00:06:11.620358+00,2020-12-16 00:06:11.62037+00,,,BARAT,,,3520,
3520131,2020-12-16 00:06:11.622728+00,2020-12-16 00:06:11.622757+00,,,KARTOHARJO,,,3520,
3521010,2020-12-16 00:06:11.625164+00,2020-12-16 00:06:11.625176+00,,,SINE,,,3521,
3521020,2020-12-16 00:06:11.627351+00,2020-12-16 00:06:11.627363+00,,,NGRAMBE,,,3521,
3521030,2020-12-16 00:06:11.62952+00,2020-12-16 00:06:11.629532+00,,,JOGOROGO,,,3521,
3521040,2020-12-16 00:06:11.631796+00,2020-12-16 00:06:11.631808+00,,,KENDAL,,,3521,
3521050,2020-12-16 00:06:11.63383+00,2020-12-16 00:06:11.633843+00,,,GENENG,,,3521,
3521051,2020-12-16 00:06:11.635781+00,2020-12-16 00:06:11.635792+00,,,GERIH,,,3521,
3521060,2020-12-16 00:06:11.637954+00,2020-12-16 00:06:11.637967+00,,,KWADUNGAN,,,3521,
3521070,2020-12-16 00:06:11.639891+00,2020-12-16 00:06:11.639903+00,,,PANGKUR,,,3521,
3521080,2020-12-16 00:06:11.641809+00,2020-12-16 00:06:11.64182+00,,,KARANGJATI,,,3521,
3521090,2020-12-16 00:06:11.643626+00,2020-12-16 00:06:11.643638+00,,,BRINGIN,,,3521,
3521100,2020-12-16 00:06:11.645314+00,2020-12-16 00:06:11.645325+00,,,PADAS,,,3521,
3521101,2020-12-16 00:06:11.646995+00,2020-12-16 00:06:11.647007+00,,,KASREMAN,,,3521,
3521110,2020-12-16 00:06:11.648709+00,2020-12-16 00:06:11.648721+00,,,NGAWI,,,3521,
3521120,2020-12-16 00:06:11.650369+00,2020-12-16 00:06:11.65038+00,,,PARON,,,3521,
3521130,2020-12-16 00:06:11.651992+00,2020-12-16 00:06:11.652003+00,,,KEDUNGGALAR,,,3521,
3521140,2020-12-16 00:06:11.654067+00,2020-12-16 00:06:11.654079+00,,,PITU,,,3521,
3521150,2020-12-16 00:06:11.655848+00,2020-12-16 00:06:11.655859+00,,,WIDODAREN,,,3521,
3521160,2020-12-16 00:06:11.657499+00,2020-12-16 00:06:11.657511+00,,,MANTINGAN,,,3521,
3521170,2020-12-16 00:06:11.659184+00,2020-12-16 00:06:11.659195+00,,,KARANGANYAR,,,3521,
3522010,2020-12-16 00:06:11.660944+00,2020-12-16 00:06:11.660956+00,,,MARGOMULYO,,,3522,
3522020,2020-12-16 00:06:11.662598+00,2020-12-16 00:06:11.66261+00,,,NGRAHO,,,3522,
3522030,2020-12-16 00:06:11.6644+00,2020-12-16 00:06:11.664412+00,,,TAMBAKREJO,,,3522,
3522040,2020-12-16 00:06:11.666099+00,2020-12-16 00:06:11.666111+00,,,NGAMBON,,,3522,
3522041,2020-12-16 00:06:11.667873+00,2020-12-16 00:06:11.667885+00,,,SEKAR,,,3522,
3522050,2020-12-16 00:06:11.669615+00,2020-12-16 00:06:11.669629+00,,,BUBULAN,,,3522,
3522051,2020-12-16 00:06:11.671476+00,2020-12-16 00:06:11.671488+00,,,GONDANG,,,3522,
3522060,2020-12-16 00:06:11.673373+00,2020-12-16 00:06:11.673385+00,,,TEMAYANG,,,3522,
3522070,2020-12-16 00:06:11.675167+00,2020-12-16 00:06:11.675179+00,,,SUGIHWARAS,,,3522,
3522080,2020-12-16 00:06:11.67732+00,2020-12-16 00:06:11.677335+00,,,KEDUNGADEM,,,3522,
3522090,2020-12-16 00:06:11.679819+00,2020-12-16 00:06:11.679833+00,,,KEPOH BARU,,,3522,
3522100,2020-12-16 00:06:11.681745+00,2020-12-16 00:06:11.681757+00,,,BAURENO,,,3522,
3522110,2020-12-16 00:06:11.683496+00,2020-12-16 00:06:11.683508+00,,,KANOR,,,3522,
3522120,2020-12-16 00:06:11.685211+00,2020-12-16 00:06:11.685222+00,,,SUMBEREJO,,,3522,
3522130,2020-12-16 00:06:11.686889+00,2020-12-16 00:06:11.6869+00,,,BALEN,,,3522,
3522140,2020-12-16 00:06:11.688667+00,2020-12-16 00:06:11.688679+00,,,SUKOSEWU,,,3522,
3522150,2020-12-16 00:06:11.690373+00,2020-12-16 00:06:11.690384+00,,,KAPAS,,,3522,
3522160,2020-12-16 00:06:11.692006+00,2020-12-16 00:06:11.692018+00,,,BOJONEGORO,,,3522,
3522170,2020-12-16 00:06:11.693619+00,2020-12-16 00:06:11.69363+00,,,TRUCUK,,,3522,
3522180,2020-12-16 00:06:11.695194+00,2020-12-16 00:06:11.695223+00,,,DANDER,,,3522,
3522190,2020-12-16 00:06:11.697015+00,2020-12-16 00:06:11.697027+00,,,NGASEM,,,3522,
3522191,2020-12-16 00:06:11.698711+00,2020-12-16 00:06:11.698723+00,,,GAYAM,,,3522,
3522200,2020-12-16 00:06:11.700414+00,2020-12-16 00:06:11.700426+00,,,KALITIDU,,,3522,
3522210,2020-12-16 00:06:11.702131+00,2020-12-16 00:06:11.702143+00,,,MALO,,,3522,
3522220,2020-12-16 00:06:11.703864+00,2020-12-16 00:06:11.703876+00,,,PURWOSARI,,,3522,
3522230,2020-12-16 00:06:11.705632+00,2020-12-16 00:06:11.705644+00,,,PADANGAN,,,3522,
3522240,2020-12-16 00:06:11.707428+00,2020-12-16 00:06:11.70744+00,,,KASIMAN,,,3522,
3522241,2020-12-16 00:06:11.709149+00,2020-12-16 00:06:11.709161+00,,,KEDEWAN,,,3522,
3523010,2020-12-16 00:06:11.710841+00,2020-12-16 00:06:11.710852+00,,,KENDURUAN,,,3523,
3523020,2020-12-16 00:06:11.712504+00,2020-12-16 00:06:11.712515+00,,,BANGILAN,,,3523,
3523030,2020-12-16 00:06:11.714273+00,2020-12-16 00:06:11.714285+00,,,SENORI,,,3523,
3523040,2020-12-16 00:06:11.716048+00,2020-12-16 00:06:11.716061+00,,,SINGGAHAN,,,3523,
3523050,2020-12-16 00:06:11.717739+00,2020-12-16 00:06:11.717751+00,,,MONTONG,,,3523,
3523060,2020-12-16 00:06:11.719465+00,2020-12-16 00:06:11.719477+00,,,PARENGAN,,,3523,
3523070,2020-12-16 00:06:11.721157+00,2020-12-16 00:06:11.721169+00,,,SOKO,,,3523,
3523080,2020-12-16 00:06:11.723031+00,2020-12-16 00:06:11.723044+00,,,RENGEL,,,3523,
3523081,2020-12-16 00:06:11.72477+00,2020-12-16 00:06:11.724781+00,,,GRABAGAN,,,3523,
3523090,2020-12-16 00:06:11.726448+00,2020-12-16 00:06:11.726459+00,,,PLUMPANG,,,3523,
3523100,2020-12-16 00:06:11.728148+00,2020-12-16 00:06:11.72816+00,,,WIDANG,,,3523,
3523110,2020-12-16 00:06:11.729823+00,2020-12-16 00:06:11.729835+00,,,PALANG,,,3523,
3523120,2020-12-16 00:06:11.731548+00,2020-12-16 00:06:11.73156+00,,,SEMANDING,,,3523,
3523130,2020-12-16 00:06:11.733307+00,2020-12-16 00:06:11.733318+00,,,TUBAN,,,3523,
3523140,2020-12-16 00:06:11.734883+00,2020-12-16 00:06:11.734894+00,,,JENU,,,3523,
3523150,2020-12-16 00:06:11.736589+00,2020-12-16 00:06:11.7366+00,,,MERAKURAK,,,3523,
3523160,2020-12-16 00:06:11.738278+00,2020-12-16 00:06:11.738289+00,,,KEREK,,,3523,
3523170,2020-12-16 00:06:11.740034+00,2020-12-16 00:06:11.740046+00,,,TAMBAKBOYO,,,3523,
3523180,2020-12-16 00:06:11.741839+00,2020-12-16 00:06:11.741851+00,,,JATIROGO,,,3523,
3523190,2020-12-16 00:06:11.743533+00,2020-12-16 00:06:11.743546+00,,,BANCAR,,,3523,
3524010,2020-12-16 00:06:11.745227+00,2020-12-16 00:06:11.745238+00,,,SUKORAME,,,3524,
3524020,2020-12-16 00:06:11.747489+00,2020-12-16 00:06:11.747503+00,,,BLULUK,,,3524,
3524030,2020-12-16 00:06:11.749552+00,2020-12-16 00:06:11.749565+00,,,NGIMBANG,,,3524,
3524040,2020-12-16 00:06:11.751532+00,2020-12-16 00:06:11.751545+00,,,SAMBENG,,,3524,
3524050,2020-12-16 00:06:11.753567+00,2020-12-16 00:06:11.753579+00,,,MANTUP,,,3524,
3524060,2020-12-16 00:06:11.755538+00,2020-12-16 00:06:11.75555+00,,,KEMBANGBAHU,,,3524,
3524070,2020-12-16 00:06:11.757566+00,2020-12-16 00:06:11.757579+00,,,SUGIO,,,3524,
3524080,2020-12-16 00:06:11.759845+00,2020-12-16 00:06:11.759858+00,,,KEDUNGPRING,,,3524,
3524090,2020-12-16 00:06:11.761903+00,2020-12-16 00:06:11.761915+00,,,MODO,,,3524,
3524100,2020-12-16 00:06:11.763849+00,2020-12-16 00:06:11.763861+00,,,BABAT,,,3524,
3524110,2020-12-16 00:06:11.765924+00,2020-12-16 00:06:11.765936+00,,,PUCUK,,,3524,
3524120,2020-12-16 00:06:11.767974+00,2020-12-16 00:06:11.767985+00,,,SUKODADI,,,3524,
3524130,2020-12-16 00:06:11.77+00,2020-12-16 00:06:11.770011+00,,,LAMONGAN,,,3524,
3524140,2020-12-16 00:06:11.772079+00,2020-12-16 00:06:11.77209+00,,,TIKUNG,,,3524,
3524141,2020-12-16 00:06:11.774231+00,2020-12-16 00:06:11.774243+00,,,SARIREJO,,,3524,
3524150,2020-12-16 00:06:11.776272+00,2020-12-16 00:06:11.776284+00,,,DEKET,,,3524,
3524160,2020-12-16 00:06:11.778236+00,2020-12-16 00:06:11.778253+00,,,GLAGAH,,,3524,
3524170,2020-12-16 00:06:11.780582+00,2020-12-16 00:06:11.780598+00,,,KARANGBINANGUN,,,3524,
3524180,2020-12-16 00:06:11.782919+00,2020-12-16 00:06:11.782932+00,,,TURI,,,3524,
3524190,2020-12-16 00:06:11.784728+00,2020-12-16 00:06:11.78474+00,,,KALITENGAH,,,3524,
3524200,2020-12-16 00:06:11.786404+00,2020-12-16 00:06:11.786415+00,,,KARANG GENENG,,,3524,
3524210,2020-12-16 00:06:11.788408+00,2020-12-16 00:06:11.78842+00,,,SEKARAN,,,3524,
3524220,2020-12-16 00:06:11.790992+00,2020-12-16 00:06:11.791019+00,,,MADURAN,,,3524,
3524230,2020-12-16 00:06:11.793814+00,2020-12-16 00:06:11.79383+00,,,LAREN,,,3524,
3524240,2020-12-16 00:06:11.796561+00,2020-12-16 00:06:11.796576+00,,,SOLOKURO,,,3524,
3524250,2020-12-16 00:06:11.798872+00,2020-12-16 00:06:11.798887+00,,,PACIRAN,,,3524,
3524260,2020-12-16 00:06:11.801487+00,2020-12-16 00:06:11.801501+00,,,BRONDONG,,,3524,
3525010,2020-12-16 00:06:11.80426+00,2020-12-16 00:06:11.804275+00,,,WRINGINANOM,,,3525,
3525020,2020-12-16 00:06:11.806967+00,2020-12-16 00:06:11.806982+00,,,DRIYOREJO,,,3525,
3525030,2020-12-16 00:06:11.809637+00,2020-12-16 00:06:11.809652+00,,,KEDAMEAN,,,3525,
3525040,2020-12-16 00:06:11.812174+00,2020-12-16 00:06:11.812188+00,,,MENGANTI,,,3525,
3525050,2020-12-16 00:06:11.814749+00,2020-12-16 00:06:11.814762+00,,,CERME,,,3525,
3525060,2020-12-16 00:06:11.817343+00,2020-12-16 00:06:11.817357+00,,,BENJENG,,,3525,
3525070,2020-12-16 00:06:11.820007+00,2020-12-16 00:06:11.820022+00,,,BALONGPANGGANG,,,3525,
3525080,2020-12-16 00:06:11.822638+00,2020-12-16 00:06:11.822652+00,,,DUDUKSAMPEYAN,,,3525,
3525090,2020-12-16 00:06:11.825532+00,2020-12-16 00:06:11.825546+00,,,KEBOMAS,,,3525,
3525100,2020-12-16 00:06:11.828251+00,2020-12-16 00:06:11.828265+00,,,GRESIK,,,3525,
3525110,2020-12-16 00:06:11.830808+00,2020-12-16 00:06:11.830822+00,,,MANYAR,,,3525,
3525120,2020-12-16 00:06:11.833466+00,2020-12-16 00:06:11.83348+00,,,BUNGAH,,,3525,
3525130,2020-12-16 00:06:11.836119+00,2020-12-16 00:06:11.836134+00,,,SIDAYU,,,3525,
3525140,2020-12-16 00:06:11.838544+00,2020-12-16 00:06:11.838558+00,,,DUKUN,,,3525,
3525150,2020-12-16 00:06:11.841207+00,2020-12-16 00:06:11.841221+00,,,PANCENG,,,3525,
3525160,2020-12-16 00:06:11.843879+00,2020-12-16 00:06:11.843894+00,,,UJUNGPANGKAH,,,3525,
3525170,2020-12-16 00:06:11.846435+00,2020-12-16 00:06:11.84645+00,,,SANGKAPURA,,,3525,
3525180,2020-12-16 00:06:11.849268+00,2020-12-16 00:06:11.849283+00,,,TAMBAK,,,3525,
3526010,2020-12-16 00:06:11.852009+00,2020-12-16 00:06:11.852023+00,,,KAMAL,,,3526,
3526020,2020-12-16 00:06:11.854656+00,2020-12-16 00:06:11.85467+00,,,LABANG,,,3526,
3526030,2020-12-16 00:06:11.857273+00,2020-12-16 00:06:11.857286+00,,,KWANYAR,,,3526,
3526040,2020-12-16 00:06:11.86002+00,2020-12-16 00:06:11.860034+00,,,MODUNG,,,3526,
3526050,2020-12-16 00:06:11.862648+00,2020-12-16 00:06:11.862662+00,,,BLEGA,,,3526,
3526060,2020-12-16 00:06:11.865438+00,2020-12-16 00:06:11.865452+00,,,KONANG,,,3526,
3526070,2020-12-16 00:06:11.868132+00,2020-12-16 00:06:11.868146+00,,,GALIS,,,3526,
3526080,2020-12-16 00:06:11.870828+00,2020-12-16 00:06:11.870842+00,,,TANAH MERAH,,,3526,
3526090,2020-12-16 00:06:11.873451+00,2020-12-16 00:06:11.873467+00,,,TRAGAH,,,3526,
3526100,2020-12-16 00:06:11.876222+00,2020-12-16 00:06:11.876237+00,,,SOCAH,,,3526,
3526110,2020-12-16 00:06:11.878583+00,2020-12-16 00:06:11.878597+00,,,BANGKALAN,,,3526,
3526120,2020-12-16 00:06:11.881185+00,2020-12-16 00:06:11.881201+00,,,BURNEH,,,3526,
3526130,2020-12-16 00:06:11.884137+00,2020-12-16 00:06:11.884165+00,,,AROSBAYA,,,3526,
3526140,2020-12-16 00:06:11.887429+00,2020-12-16 00:06:11.887455+00,,,GEGER,,,3526,
3526150,2020-12-16 00:06:11.890409+00,2020-12-16 00:06:11.890433+00,,,KOKOP,,,3526,
3526160,2020-12-16 00:06:11.893494+00,2020-12-16 00:06:11.893519+00,,,TANJUNGBUMI,,,3526,
3526170,2020-12-16 00:06:11.896541+00,2020-12-16 00:06:11.896566+00,,,SEPULU,,,3526,
3526180,2020-12-16 00:06:11.899569+00,2020-12-16 00:06:11.899589+00,,,KLAMPIS,,,3526,
3527010,2020-12-16 00:06:11.902461+00,2020-12-16 00:06:11.902481+00,,,SRESEH,,,3527,
3527020,2020-12-16 00:06:11.905423+00,2020-12-16 00:06:11.905443+00,,,TORJUN,,,3527,
3527021,2020-12-16 00:06:11.908564+00,2020-12-16 00:06:11.908586+00,,,PANGARENGAN,,,3527,
3527030,2020-12-16 00:06:11.911866+00,2020-12-16 00:06:11.911891+00,,,SAMPANG,,,3527,
3527040,2020-12-16 00:06:11.915185+00,2020-12-16 00:06:11.915238+00,,,CAMPLONG,,,3527,
3527050,2020-12-16 00:06:11.918355+00,2020-12-16 00:06:11.91838+00,,,OMBEN,,,3527,
3527060,2020-12-16 00:06:11.921202+00,2020-12-16 00:06:11.921227+00,,,KEDUNGDUNG,,,3527,
3527070,2020-12-16 00:06:11.923997+00,2020-12-16 00:06:11.924021+00,,,JRENGIK,,,3527,
3527080,2020-12-16 00:06:11.926831+00,2020-12-16 00:06:11.926855+00,,,TAMBELANGAN,,,3527,
3527090,2020-12-16 00:06:11.929853+00,2020-12-16 00:06:11.929877+00,,,BANYUATES,,,3527,
3527100,2020-12-16 00:06:11.932833+00,2020-12-16 00:06:11.932856+00,,,ROBATAL,,,3527,
3527101,2020-12-16 00:06:11.935765+00,2020-12-16 00:06:11.935787+00,,,KARANG PENANG,,,3527,
3527110,2020-12-16 00:06:11.938826+00,2020-12-16 00:06:11.938848+00,,,KETAPANG,,,3527,
3527120,2020-12-16 00:06:11.941847+00,2020-12-16 00:06:11.941869+00,,,SOKOBANAH,,,3527,
3528010,2020-12-16 00:06:11.944934+00,2020-12-16 00:06:11.944959+00,,,TLANAKAN,,,3528,
3528020,2020-12-16 00:06:11.948167+00,2020-12-16 00:06:11.948193+00,,,PADEMAWU,,,3528,
3528030,2020-12-16 00:06:11.951134+00,2020-12-16 00:06:11.951159+00,,,GALIS,,,3528,
3528040,2020-12-16 00:06:11.954191+00,2020-12-16 00:06:11.954217+00,,,LARANGAN,,,3528,
3528050,2020-12-16 00:06:11.957273+00,2020-12-16 00:06:11.957298+00,,,PAMEKASAN,,,3528,
3528060,2020-12-16 00:06:11.96033+00,2020-12-16 00:06:11.960355+00,,,PROPPO,,,3528,
3528070,2020-12-16 00:06:11.963342+00,2020-12-16 00:06:11.963367+00,,,PALENGAAN,,,3528,
3528080,2020-12-16 00:06:11.966431+00,2020-12-16 00:06:11.966453+00,,,PEGANTENAN,,,3528,
3528090,2020-12-16 00:06:11.969142+00,2020-12-16 00:06:11.969165+00,,,KADUR,,,3528,
3528100,2020-12-16 00:06:11.972125+00,2020-12-16 00:06:11.972147+00,,,PAKONG,,,3528,
3528110,2020-12-16 00:06:11.975055+00,2020-12-16 00:06:11.975077+00,,,WARU,,,3528,
3528120,2020-12-16 00:06:11.978077+00,2020-12-16 00:06:11.978101+00,,,BATU MARMAR,,,3528,
3528130,2020-12-16 00:06:11.981145+00,2020-12-16 00:06:11.981169+00,,,PASEAN,,,3528,
3529010,2020-12-16 00:06:11.984488+00,2020-12-16 00:06:11.984516+00,,,PRAGAAN,,,3529,
3529020,2020-12-16 00:06:11.98796+00,2020-12-16 00:06:11.987985+00,,,BLUTO,,,3529,
3529030,2020-12-16 00:06:11.991108+00,2020-12-16 00:06:11.991131+00,,,SARONGGI,,,3529,
3529040,2020-12-16 00:06:11.994087+00,2020-12-16 00:06:11.994111+00,,,GILIGENTENG,,,3529,
3529050,2020-12-16 00:06:11.997156+00,2020-12-16 00:06:11.99718+00,,,TALANGO,,,3529,
3529060,2020-12-16 00:06:12.000147+00,2020-12-16 00:06:12.000171+00,,,KALIANGET,,,3529,
3529070,2020-12-16 00:06:12.003426+00,2020-12-16 00:06:12.003455+00,,,KOTA SUMENEP,,,3529,
3529071,2020-12-16 00:06:12.006773+00,2020-12-16 00:06:12.006802+00,,,BATUAN,,,3529,
3529080,2020-12-16 00:06:12.009976+00,2020-12-16 00:06:12.010002+00,,,LENTENG,,,3529,
3529090,2020-12-16 00:06:12.013107+00,2020-12-16 00:06:12.013136+00,,,GANDING,,,3529,
3529100,2020-12-16 00:06:12.016332+00,2020-12-16 00:06:12.016371+00,,,GULUK GULUK,,,3529,
3529110,2020-12-16 00:06:12.020681+00,2020-12-16 00:06:12.02072+00,,,PASONGSONGAN,,,3529,
3529120,2020-12-16 00:06:12.024592+00,2020-12-16 00:06:12.024628+00,,,AMBUNTEN,,,3529,
3529130,2020-12-16 00:06:12.028358+00,2020-12-16 00:06:12.028393+00,,,RUBARU,,,3529,
3529140,2020-12-16 00:06:12.032167+00,2020-12-16 00:06:12.032202+00,,,DASUK,,,3529,
3529150,2020-12-16 00:06:12.035008+00,2020-12-16 00:06:12.035022+00,,,MANDING,,,3529,
3529160,2020-12-16 00:06:12.03781+00,2020-12-16 00:06:12.037849+00,,,BATUPUTIH,,,3529,
3529170,2020-12-16 00:06:12.042057+00,2020-12-16 00:06:12.042099+00,,,GAPURA,,,3529,
3529180,2020-12-16 00:06:12.046056+00,2020-12-16 00:06:12.04608+00,,,BATANG BATANG,,,3529,
3529190,2020-12-16 00:06:12.049204+00,2020-12-16 00:06:12.049228+00,,,DUNGKEK,,,3529,
3529200,2020-12-16 00:06:12.052402+00,2020-12-16 00:06:12.052425+00,,,NONGGUNONG,,,3529,
3529210,2020-12-16 00:06:12.055599+00,2020-12-16 00:06:12.055622+00,,,GAYAM,,,3529,
3529220,2020-12-16 00:06:12.059078+00,2020-12-16 00:06:12.059103+00,,,RAAS,,,3529,
3529230,2020-12-16 00:06:12.06232+00,2020-12-16 00:06:12.062346+00,,,SAPEKEN,,,3529,
3529240,2020-12-16 00:06:12.065741+00,2020-12-16 00:06:12.065768+00,,,ARJASA,,,3529,
3529241,2020-12-16 00:06:12.068829+00,2020-12-16 00:06:12.068853+00,,,KANGAYAN,,,3529,
3529250,2020-12-16 00:06:12.07193+00,2020-12-16 00:06:12.071954+00,,,MASALEMBU,,,3529,
3571010,2020-12-16 00:06:12.075251+00,2020-12-16 00:06:12.075275+00,,,MOJOROTO,,,3571,
3571020,2020-12-16 00:06:12.078624+00,2020-12-16 00:06:12.078648+00,,,KOTA KEDIRI,,,3571,
3571030,2020-12-16 00:06:12.082091+00,2020-12-16 00:06:12.082116+00,,,PESANTREN,,,3571,
3572010,2020-12-16 00:06:12.085298+00,2020-12-16 00:06:12.085321+00,,,SUKOREJO,,,3572,
3572020,2020-12-16 00:06:12.088508+00,2020-12-16 00:06:12.088533+00,,,KEPANJENKIDUL,,,3572,
3572030,2020-12-16 00:06:12.091985+00,2020-12-16 00:06:12.092007+00,,,SANANWETAN,,,3572,
3573010,2020-12-16 00:06:12.094996+00,2020-12-16 00:06:12.095017+00,,,KEDUNGKANDANG,,,3573,
3573020,2020-12-16 00:06:12.097918+00,2020-12-16 00:06:12.097938+00,,,SUKUN,,,3573,
3573030,2020-12-16 00:06:12.101017+00,2020-12-16 00:06:12.101039+00,,,KLOJEN,,,3573,
3573040,2020-12-16 00:06:12.104275+00,2020-12-16 00:06:12.104323+00,,,BLIMBING,,,3573,
3573050,2020-12-16 00:06:12.108522+00,2020-12-16 00:06:12.108569+00,,,LOWOKWARU,,,3573,
3574010,2020-12-16 00:06:12.112535+00,2020-12-16 00:06:12.112564+00,,,KADEMANGAN,,,3574,
3574011,2020-12-16 00:06:12.115991+00,2020-12-16 00:06:12.116019+00,,,KEDOPOK,,,3574,
3574020,2020-12-16 00:06:12.119306+00,2020-12-16 00:06:12.119334+00,,,WONOASIH,,,3574,
3574030,2020-12-16 00:06:12.122671+00,2020-12-16 00:06:12.122684+00,,,MAYANGAN,,,3574,
3574031,2020-12-16 00:06:12.12558+00,2020-12-16 00:06:12.125595+00,,,KANIGARAN,,,3574,
3575010,2020-12-16 00:06:12.128432+00,2020-12-16 00:06:12.128445+00,,,GADINGREJO,,,3575,
3575020,2020-12-16 00:06:12.131103+00,2020-12-16 00:06:12.131117+00,,,PURWOREJO,,,3575,
3575030,2020-12-16 00:06:12.133614+00,2020-12-16 00:06:12.133628+00,,,BUGULKIDUL,,,3575,
3575031,2020-12-16 00:06:12.136024+00,2020-12-16 00:06:12.136038+00,,,PANGGUNGREJO,,,3575,
3576010,2020-12-16 00:06:12.138451+00,2020-12-16 00:06:12.138465+00,,,PRAJURIT KULON,,,3576,
3576020,2020-12-16 00:06:12.1413+00,2020-12-16 00:06:12.141314+00,,,MAGERSARI,,,3576,
3577010,2020-12-16 00:06:12.14393+00,2020-12-16 00:06:12.143943+00,,,MANGU HARJO,,,3577,
3577020,2020-12-16 00:06:12.146867+00,2020-12-16 00:06:12.146898+00,,,TAMAN,,,3577,
3577030,2020-12-16 00:06:12.149861+00,2020-12-16 00:06:12.149891+00,,,KARTOHARJO,,,3577,
3578010,2020-12-16 00:06:12.152642+00,2020-12-16 00:06:12.152656+00,,,KARANG PILANG,,,3578,
3578020,2020-12-16 00:06:12.154848+00,2020-12-16 00:06:12.154862+00,,,JAMBANGAN,,,3578,
3578030,2020-12-16 00:06:12.157247+00,2020-12-16 00:06:12.157262+00,,,GAYUNGAN,,,3578,
3578040,2020-12-16 00:06:12.159531+00,2020-12-16 00:06:12.159546+00,,,WONOCOLO,,,3578,
3578050,2020-12-16 00:06:12.16195+00,2020-12-16 00:06:12.161964+00,,,TENGGILIS MEJOYO,,,3578,
3578060,2020-12-16 00:06:12.164574+00,2020-12-16 00:06:12.164589+00,,,GUNUNG ANYAR,,,3578,
3578070,2020-12-16 00:06:12.166821+00,2020-12-16 00:06:12.166835+00,,,RUNGKUT,,,3578,
3578080,2020-12-16 00:06:12.168787+00,2020-12-16 00:06:12.168801+00,,,SUKOLILO,,,3578,
3578090,2020-12-16 00:06:12.17077+00,2020-12-16 00:06:12.170785+00,,,MULYOREJO,,,3578,
3578100,2020-12-16 00:06:12.172716+00,2020-12-16 00:06:12.172731+00,,,GUBENG,,,3578,
3578110,2020-12-16 00:06:12.174684+00,2020-12-16 00:06:12.174698+00,,,WONOKROMO,,,3578,
3578120,2020-12-16 00:06:12.176857+00,2020-12-16 00:06:12.176871+00,,,DUKUH PAKIS,,,3578,
3578130,2020-12-16 00:06:12.179238+00,2020-12-16 00:06:12.179253+00,,,WIYUNG,,,3578,
3578140,2020-12-16 00:06:12.181602+00,2020-12-16 00:06:12.181616+00,,,LAKARSANTRI,,,3578,
3578141,2020-12-16 00:06:12.183778+00,2020-12-16 00:06:12.183793+00,,,SAMBIKEREP,,,3578,
3578150,2020-12-16 00:06:12.185777+00,2020-12-16 00:06:12.185791+00,,,TANDES,,,3578,
3578160,2020-12-16 00:06:12.187912+00,2020-12-16 00:06:12.187926+00,,,SUKO MANUNGGAL,,,3578,
3578170,2020-12-16 00:06:12.190137+00,2020-12-16 00:06:12.190153+00,,,SAWAHAN,,,3578,
3578180,2020-12-16 00:06:12.192819+00,2020-12-16 00:06:12.192838+00,,,TEGALSARI,,,3578,
3578190,2020-12-16 00:06:12.195511+00,2020-12-16 00:06:12.195526+00,,,GENTENG,,,3578,
3578200,2020-12-16 00:06:12.197872+00,2020-12-16 00:06:12.197885+00,,,TAMBAKSARI,,,3578,
3578210,2020-12-16 00:06:12.20021+00,2020-12-16 00:06:12.200225+00,,,KENJERAN,,,3578,
3578211,2020-12-16 00:06:12.202424+00,2020-12-16 00:06:12.202439+00,,,BULAK,,,3578,
3578220,2020-12-16 00:06:12.20477+00,2020-12-16 00:06:12.204784+00,,,SIMOKERTO,,,3578,
3578230,2020-12-16 00:06:12.206999+00,2020-12-16 00:06:12.207013+00,,,SEMAMPIR,,,3578,
3578240,2020-12-16 00:06:12.209361+00,2020-12-16 00:06:12.209375+00,,,PABEAN CANTIAN,,,3578,
3578250,2020-12-16 00:06:12.211749+00,2020-12-16 00:06:12.211763+00,,,BUBUTAN,,,3578,
3578260,2020-12-16 00:06:12.214313+00,2020-12-16 00:06:12.214327+00,,,KREMBANGAN,,,3578,
3578270,2020-12-16 00:06:12.216766+00,2020-12-16 00:06:12.216781+00,,,ASEMROWO,,,3578,
3578280,2020-12-16 00:06:12.219259+00,2020-12-16 00:06:12.219274+00,,,BENOWO,,,3578,
3578281,2020-12-16 00:06:12.221694+00,2020-12-16 00:06:12.221709+00,,,PAKAL,,,3578,
3579010,2020-12-16 00:06:12.224087+00,2020-12-16 00:06:12.224101+00,,,BATU,,,3579,
3579020,2020-12-16 00:06:12.226428+00,2020-12-16 00:06:12.226443+00,,,JUNREJO,,,3579,
3579030,2020-12-16 00:06:12.228791+00,2020-12-16 00:06:12.228805+00,,,BUMIAJI,,,3579,
3601010,2020-12-16 00:06:12.231276+00,2020-12-16 00:06:12.231291+00,,,SUMUR,,,3601,
3601020,2020-12-16 00:06:12.23407+00,2020-12-16 00:06:12.234084+00,,,CIMANGGU,,,3601,
3601030,2020-12-16 00:06:12.236823+00,2020-12-16 00:06:12.236838+00,,,CIBALIUNG,,,3601,
3601031,2020-12-16 00:06:12.239546+00,2020-12-16 00:06:12.239561+00,,,CIBITUNG,,,3601,
3601040,2020-12-16 00:06:12.242239+00,2020-12-16 00:06:12.242253+00,,,CIKEUSIK,,,3601,
3601050,2020-12-16 00:06:12.244761+00,2020-12-16 00:06:12.244776+00,,,CIGEULIS,,,3601,
3601060,2020-12-16 00:06:12.247355+00,2020-12-16 00:06:12.247369+00,,,PANIMBANG,,,3601,
3601061,2020-12-16 00:06:12.249821+00,2020-12-16 00:06:12.249836+00,,,SOBANG,,,3601,
3601070,2020-12-16 00:06:12.25232+00,2020-12-16 00:06:12.252334+00,,,MUNJUL,,,3601,
3601071,2020-12-16 00:06:12.254667+00,2020-12-16 00:06:12.254682+00,,,ANGSANA,,,3601,
3601072,2020-12-16 00:06:12.256915+00,2020-12-16 00:06:12.25693+00,,,SINDANGRESMI,,,3601,
3601080,2020-12-16 00:06:12.259168+00,2020-12-16 00:06:12.259183+00,,,PICUNG,,,3601,
3601090,2020-12-16 00:06:12.261466+00,2020-12-16 00:06:12.261481+00,,,BOJONG,,,3601,
3601100,2020-12-16 00:06:12.26376+00,2020-12-16 00:06:12.263774+00,,,SAKETI,,,3601,
3601101,2020-12-16 00:06:12.265709+00,2020-12-16 00:06:12.265723+00,,,CISATA,,,3601,
3601110,2020-12-16 00:06:12.26799+00,2020-12-16 00:06:12.268005+00,,,PAGELARAN,,,3601,
3601111,2020-12-16 00:06:12.270234+00,2020-12-16 00:06:12.270248+00,,,PATIA,,,3601,
3601112,2020-12-16 00:06:12.272602+00,2020-12-16 00:06:12.272617+00,,,SUKARESMI,,,3601,
3601120,2020-12-16 00:06:12.274931+00,2020-12-16 00:06:12.274946+00,,,LABUAN,,,3601,
3601121,2020-12-16 00:06:12.277264+00,2020-12-16 00:06:12.277279+00,,,CARITA,,,3601,
3601130,2020-12-16 00:06:12.279771+00,2020-12-16 00:06:12.279819+00,,,JIPUT,,,3601,
3601131,2020-12-16 00:06:12.284099+00,2020-12-16 00:06:12.284142+00,,,CIKEDAL,,,3601,
3601140,2020-12-16 00:06:12.287155+00,2020-12-16 00:06:12.287184+00,,,MENES,,,3601,
3601141,2020-12-16 00:06:12.290491+00,2020-12-16 00:06:12.29052+00,,,PULOSARI,,,3601,
3601150,2020-12-16 00:06:12.293864+00,2020-12-16 00:06:12.293909+00,,,MANDALAWANGI,,,3601,
3601160,2020-12-16 00:06:12.298125+00,2020-12-16 00:06:12.298175+00,,,CIMANUK,,,3601,
3601161,2020-12-16 00:06:12.30139+00,2020-12-16 00:06:12.301418+00,,,CIPEUCANG,,,3601,
3601170,2020-12-16 00:06:12.304495+00,2020-12-16 00:06:12.304524+00,,,BANJAR,,,3601,
3601171,2020-12-16 00:06:12.30828+00,2020-12-16 00:06:12.308309+00,,,KADUHEJO,,,3601,
3601172,2020-12-16 00:06:12.311265+00,2020-12-16 00:06:12.31128+00,,,MEKARJAYA,,,3601,
3601180,2020-12-16 00:06:12.313919+00,2020-12-16 00:06:12.313934+00,,,PANDEGLANG,,,3601,
3601181,2020-12-16 00:06:12.316822+00,2020-12-16 00:06:12.316837+00,,,MAJASARI,,,3601,
3601190,2020-12-16 00:06:12.319565+00,2020-12-16 00:06:12.31958+00,,,CADASARI,,,3601,
3601191,2020-12-16 00:06:12.322134+00,2020-12-16 00:06:12.32216+00,,,KARANGTANJUNG,,,3601,
3601192,2020-12-16 00:06:12.325047+00,2020-12-16 00:06:12.325062+00,,,KORONCONG,,,3601,
3602010,2020-12-16 00:06:12.327904+00,2020-12-16 00:06:12.327918+00,,,MALINGPING,,,3602,
3602011,2020-12-16 00:06:12.330604+00,2020-12-16 00:06:12.330619+00,,,WANASALAM,,,3602,
3602020,2020-12-16 00:06:12.33456+00,2020-12-16 00:06:12.334605+00,,,PANGGARANGAN,,,3602,
3602021,2020-12-16 00:06:12.338889+00,2020-12-16 00:06:12.338934+00,,,CIHARA,,,3602,
3602030,2020-12-16 00:06:12.343469+00,2020-12-16 00:06:12.343515+00,,,BAYAH,,,3602,
3602031,2020-12-16 00:06:12.346464+00,2020-12-16 00:06:12.346477+00,,,CILOGRANG,,,3602,
3602040,2020-12-16 00:06:12.349103+00,2020-12-16 00:06:12.349116+00,,,CIBEBER,,,3602,
3602050,2020-12-16 00:06:12.351752+00,2020-12-16 00:06:12.351765+00,,,CIJAKU,,,3602,
3602051,2020-12-16 00:06:12.354222+00,2020-12-16 00:06:12.354235+00,,,CIGEMBLONG,,,3602,
3602060,2020-12-16 00:06:12.356557+00,2020-12-16 00:06:12.35657+00,,,BANJARSARI,,,3602,
3602070,2020-12-16 00:06:12.359118+00,2020-12-16 00:06:12.359133+00,,,CILELES,,,3602,
3602080,2020-12-16 00:06:12.361362+00,2020-12-16 00:06:12.361376+00,,,GUNUNG KENCANA,,,3602,
3602090,2020-12-16 00:06:12.36349+00,2020-12-16 00:06:12.363503+00,,,BOJONGMANIK,,,3602,
3602091,2020-12-16 00:06:12.365907+00,2020-12-16 00:06:12.365921+00,,,CIRINTEN,,,3602,
3602100,2020-12-16 00:06:12.368167+00,2020-12-16 00:06:12.368179+00,,,LEUWIDAMAR,,,3602,
3602110,2020-12-16 00:06:12.370195+00,2020-12-16 00:06:12.370208+00,,,MUNCANG,,,3602,
3602111,2020-12-16 00:06:12.372305+00,2020-12-16 00:06:12.372326+00,,,SOBANG,,,3602,
3602120,2020-12-16 00:06:12.374772+00,2020-12-16 00:06:12.374818+00,,,CIPANAS,,,3602,
3602121,2020-12-16 00:06:12.377871+00,2020-12-16 00:06:12.377899+00,,,LEBAKGEDONG,,,3602,
3602130,2020-12-16 00:06:12.380968+00,2020-12-16 00:06:12.380995+00,,,SAJIRA,,,3602,
3602140,2020-12-16 00:06:12.384362+00,2020-12-16 00:06:12.38439+00,,,CIMARGA,,,3602,
3602150,2020-12-16 00:06:12.387793+00,2020-12-16 00:06:12.387823+00,,,CIKULUR,,,3602,
3602160,2020-12-16 00:06:12.391126+00,2020-12-16 00:06:12.391154+00,,,WARUNGGUNUNG,,,3602,
3602170,2020-12-16 00:06:12.394222+00,2020-12-16 00:06:12.394237+00,,,CIBADAK,,,3602,
3602180,2020-12-16 00:06:12.396745+00,2020-12-16 00:06:12.39676+00,,,RANGKASBITUNG,,,3602,
3602181,2020-12-16 00:06:12.399925+00,2020-12-16 00:06:12.399952+00,,,KALANGANYAR,,,3602,
3602190,2020-12-16 00:06:12.404016+00,2020-12-16 00:06:12.404071+00,,,MAJA,,,3602,
3602191,2020-12-16 00:06:12.407927+00,2020-12-16 00:06:12.407966+00,,,CURUGBITUNG,,,3602,
3603010,2020-12-16 00:06:12.411691+00,2020-12-16 00:06:12.411718+00,,,CISOKA,,,3603,
3603011,2020-12-16 00:06:12.414918+00,2020-12-16 00:06:12.414943+00,,,SOLEAR,,,3603,
3603020,2020-12-16 00:06:12.418172+00,2020-12-16 00:06:12.418203+00,,,TIGARAKSA,,,3603,
3603021,2020-12-16 00:06:12.421622+00,2020-12-16 00:06:12.421654+00,,,JAMBE,,,3603,
3603030,2020-12-16 00:06:12.425101+00,2020-12-16 00:06:12.42513+00,,,CIKUPA,,,3603,
3603040,2020-12-16 00:06:12.428922+00,2020-12-16 00:06:12.428936+00,,,PANONGAN,,,3603,
3603050,2020-12-16 00:06:12.431893+00,2020-12-16 00:06:12.431908+00,,,CURUG,,,3603,
3603051,2020-12-16 00:06:12.434803+00,2020-12-16 00:06:12.434817+00,,,KELAPA DUA,,,3603,
3603060,2020-12-16 00:06:12.437813+00,2020-12-16 00:06:12.437827+00,,,LEGOK,,,3603,
3603070,2020-12-16 00:06:12.440998+00,2020-12-16 00:06:12.44102+00,,,PAGEDANGAN,,,3603,
3603081,2020-12-16 00:06:12.444137+00,2020-12-16 00:06:12.444158+00,,,CISAUK,,,3603,
3603120,2020-12-16 00:06:12.446887+00,2020-12-16 00:06:12.446907+00,,,PASARKEMIS,,,3603,
3603121,2020-12-16 00:06:12.449803+00,2020-12-16 00:06:12.449826+00,,,SINDANG JAYA,,,3603,
3603130,2020-12-16 00:06:12.452385+00,2020-12-16 00:06:12.452406+00,,,BALARAJA,,,3603,
3603131,2020-12-16 00:06:12.455279+00,2020-12-16 00:06:12.455303+00,,,JAYANTI,,,3603,
3603132,2020-12-16 00:06:12.458199+00,2020-12-16 00:06:12.45822+00,,,SUKAMULYA,,,3603,
3603140,2020-12-16 00:06:12.461038+00,2020-12-16 00:06:12.46106+00,,,KRESEK,,,3603,
3603141,2020-12-16 00:06:12.46415+00,2020-12-16 00:06:12.464173+00,,,GUNUNG KALER,,,3603,
3603150,2020-12-16 00:06:12.467386+00,2020-12-16 00:06:12.46741+00,,,KRONJO,,,3603,
3603151,2020-12-16 00:06:12.470326+00,2020-12-16 00:06:12.470346+00,,,MEKAR BARU,,,3603,
3603160,2020-12-16 00:06:12.473321+00,2020-12-16 00:06:12.473344+00,,,MAUK,,,3603,
3603161,2020-12-16 00:06:12.476926+00,2020-12-16 00:06:12.476952+00,,,KEMIRI,,,3603,
3603162,2020-12-16 00:06:12.480676+00,2020-12-16 00:06:12.480702+00,,,SUKADIRI,,,3603,
3603170,2020-12-16 00:06:12.484392+00,2020-12-16 00:06:12.484417+00,,,RAJEG,,,3603,
3603180,2020-12-16 00:06:12.487573+00,2020-12-16 00:06:12.487598+00,,,SEPATAN,,,3603,
3603181,2020-12-16 00:06:12.490567+00,2020-12-16 00:06:12.490613+00,,,SEPATAN TIMUR,,,3603,
3603190,2020-12-16 00:06:12.49443+00,2020-12-16 00:06:12.494473+00,,,PAKUHAJI,,,3603,
3603200,2020-12-16 00:06:12.498181+00,2020-12-16 00:06:12.498222+00,,,TELUKNAGA,,,3603,
3603210,2020-12-16 00:06:12.50169+00,2020-12-16 00:06:12.501703+00,,,KOSAMBI,,,3603,
3604010,2020-12-16 00:06:12.504307+00,2020-12-16 00:06:12.504326+00,,,CINANGKA,,,3604,
3604020,2020-12-16 00:06:12.507037+00,2020-12-16 00:06:12.507054+00,,,PADARINCANG,,,3604,
3604030,2020-12-16 00:06:12.509466+00,2020-12-16 00:06:12.509479+00,,,CIOMAS,,,3604,
3604040,2020-12-16 00:06:12.51171+00,2020-12-16 00:06:12.511723+00,,,PABUARAN,,,3604,
3604041,2020-12-16 00:06:12.513971+00,2020-12-16 00:06:12.513984+00,,,GUNUNG SARI,,,3604,
3604050,2020-12-16 00:06:12.516212+00,2020-12-16 00:06:12.516224+00,,,BAROS,,,3604,
3604060,2020-12-16 00:06:12.518164+00,2020-12-16 00:06:12.518176+00,,,PETIR,,,3604,
3604061,2020-12-16 00:06:12.519894+00,2020-12-16 00:06:12.519906+00,,,TUNJUNG TEJA,,,3604,
3604080,2020-12-16 00:06:12.521559+00,2020-12-16 00:06:12.52157+00,,,CIKEUSAL,,,3604,
3604090,2020-12-16 00:06:12.523265+00,2020-12-16 00:06:12.523277+00,,,PAMARAYAN,,,3604,
3604091,2020-12-16 00:06:12.525101+00,2020-12-16 00:06:12.525113+00,,,BANDUNG,,,3604,
3604100,2020-12-16 00:06:12.526817+00,2020-12-16 00:06:12.526829+00,,,JAWILAN,,,3604,
3604110,2020-12-16 00:06:12.528543+00,2020-12-16 00:06:12.528555+00,,,KOPO,,,3604,
3604120,2020-12-16 00:06:12.530244+00,2020-12-16 00:06:12.530256+00,,,CIKANDE,,,3604,
3604121,2020-12-16 00:06:12.531883+00,2020-12-16 00:06:12.531895+00,,,KIBIN,,,3604,
3604130,2020-12-16 00:06:12.533553+00,2020-12-16 00:06:12.533564+00,,,KRAGILAN,,,3604,
3604180,2020-12-16 00:06:12.535286+00,2020-12-16 00:06:12.535298+00,,,WARINGINKURUNG,,,3604,
3604190,2020-12-16 00:06:12.536975+00,2020-12-16 00:06:12.536986+00,,,MANCAK,,,3604,
3604200,2020-12-16 00:06:12.538608+00,2020-12-16 00:06:12.538619+00,,,ANYAR,,,3604,
3604210,2020-12-16 00:06:12.540289+00,2020-12-16 00:06:12.5403+00,,,BOJONEGARA,,,3604,
3604211,2020-12-16 00:06:12.542019+00,2020-12-16 00:06:12.542031+00,,,PULO AMPEL,,,3604,
3604220,2020-12-16 00:06:12.543774+00,2020-12-16 00:06:12.543785+00,,,KRAMATWATU,,,3604,
3604240,2020-12-16 00:06:12.545902+00,2020-12-16 00:06:12.545915+00,,,CIRUAS,,,3604,
3604250,2020-12-16 00:06:12.54782+00,2020-12-16 00:06:12.547833+00,,,PONTANG,,,3604,
3604251,2020-12-16 00:06:12.549623+00,2020-12-16 00:06:12.549636+00,,,LEBAK WANGI,,,3604,
3604260,2020-12-16 00:06:12.55137+00,2020-12-16 00:06:12.551381+00,,,CARENANG,,,3604,
3604261,2020-12-16 00:06:12.553093+00,2020-12-16 00:06:12.553105+00,,,BINUANG,,,3604,
3604270,2020-12-16 00:06:12.554777+00,2020-12-16 00:06:12.554788+00,,,TIRTAYASA,,,3604,
3604271,2020-12-16 00:06:12.556802+00,2020-12-16 00:06:12.556815+00,,,TANARA,,,3604,
3671010,2020-12-16 00:06:12.558774+00,2020-12-16 00:06:12.558787+00,,,CILEDUG,,,3671,
3671011,2020-12-16 00:06:12.560768+00,2020-12-16 00:06:12.560781+00,,,LARANGAN,,,3671,
3671012,2020-12-16 00:06:12.562652+00,2020-12-16 00:06:12.562664+00,,,KARANG TENGAH,,,3671,
3671020,2020-12-16 00:06:12.564479+00,2020-12-16 00:06:12.564491+00,,,CIPONDOH,,,3671,
3671021,2020-12-16 00:06:12.566563+00,2020-12-16 00:06:12.566577+00,,,PINANG,,,3671,
3671030,2020-12-16 00:06:12.568543+00,2020-12-16 00:06:12.568556+00,,,TANGERANG,,,3671,
3671031,2020-12-16 00:06:12.570289+00,2020-12-16 00:06:12.570301+00,,,KARAWACI,,,3671,
3671040,2020-12-16 00:06:12.571995+00,2020-12-16 00:06:12.572007+00,,,JATI UWUNG,,,3671,
3671041,2020-12-16 00:06:12.573711+00,2020-12-16 00:06:12.573723+00,,,CIBODAS,,,3671,
3671042,2020-12-16 00:06:12.575483+00,2020-12-16 00:06:12.575495+00,,,PERIUK,,,3671,
3671050,2020-12-16 00:06:12.577222+00,2020-12-16 00:06:12.577234+00,,,BATUCEPER,,,3671,
3671051,2020-12-16 00:06:12.579302+00,2020-12-16 00:06:12.579316+00,,,NEGLASARI,,,3671,
3671060,2020-12-16 00:06:12.581231+00,2020-12-16 00:06:12.581244+00,,,BENDA,,,3671,
3672010,2020-12-16 00:06:12.582973+00,2020-12-16 00:06:12.582984+00,,,CIWANDAN,,,3672,
3672011,2020-12-16 00:06:12.584662+00,2020-12-16 00:06:12.584674+00,,,CITANGKIL,,,3672,
3672020,2020-12-16 00:06:12.586224+00,2020-12-16 00:06:12.586236+00,,,PULOMERAK,,,3672,
3672021,2020-12-16 00:06:12.5879+00,2020-12-16 00:06:12.587911+00,,,PURWAKARTA,,,3672,
3672022,2020-12-16 00:06:12.589781+00,2020-12-16 00:06:12.589793+00,,,GROGOL,,,3672,
3672030,2020-12-16 00:06:12.591641+00,2020-12-16 00:06:12.591653+00,,,CILEGON,,,3672,
3672031,2020-12-16 00:06:12.593305+00,2020-12-16 00:06:12.593317+00,,,JOMBANG,,,3672,
3672040,2020-12-16 00:06:12.595025+00,2020-12-16 00:06:12.595037+00,,,CIBEBER,,,3672,
3673010,2020-12-16 00:06:12.596788+00,2020-12-16 00:06:12.5968+00,,,CURUG,,,3673,
3673020,2020-12-16 00:06:12.598554+00,2020-12-16 00:06:12.598566+00,,,WALANTAKA,,,3673,
3673030,2020-12-16 00:06:12.600295+00,2020-12-16 00:06:12.600306+00,,,CIPOCOK JAYA,,,3673,
3673040,2020-12-16 00:06:12.601985+00,2020-12-16 00:06:12.601997+00,,,SERANG,,,3673,
3673050,2020-12-16 00:06:12.603756+00,2020-12-16 00:06:12.603768+00,,,TAKTAKAN,,,3673,
3673060,2020-12-16 00:06:12.605546+00,2020-12-16 00:06:12.60556+00,,,KASEMEN,,,3673,
3674010,2020-12-16 00:06:12.607715+00,2020-12-16 00:06:12.607732+00,,,SETU,,,3674,
3674020,2020-12-16 00:06:12.609871+00,2020-12-16 00:06:12.609886+00,,,SERPONG,,,3674,
3674030,2020-12-16 00:06:12.611818+00,2020-12-16 00:06:12.61183+00,,,PAMULANG,,,3674,
3674040,2020-12-16 00:06:12.613541+00,2020-12-16 00:06:12.613553+00,,,CIPUTAT,,,3674,
3674050,2020-12-16 00:06:12.615242+00,2020-12-16 00:06:12.615255+00,,,CIPUTAT TIMUR,,,3674,
3674060,2020-12-16 00:06:12.61699+00,2020-12-16 00:06:12.617002+00,,,PONDOK AREN,,,3674,
3674070,2020-12-16 00:06:12.618653+00,2020-12-16 00:06:12.618665+00,,,SERPONG UTARA,,,3674,
5101010,2020-12-16 00:06:12.620319+00,2020-12-16 00:06:12.62033+00,,,MELAYA,,,5101,
5101020,2020-12-16 00:06:12.622007+00,2020-12-16 00:06:12.622019+00,,,NEGARA,,,5101,
5101021,2020-12-16 00:06:12.623741+00,2020-12-16 00:06:12.623753+00,,,JEMBRANA,,,5101,
5101030,2020-12-16 00:06:12.62545+00,2020-12-16 00:06:12.625462+00,,,MENDOYO,,,5101,
5101040,2020-12-16 00:06:12.627106+00,2020-12-16 00:06:12.627117+00,,,PEKUTATAN,,,5101,
5102010,2020-12-16 00:06:12.628848+00,2020-12-16 00:06:12.62886+00,,,SELEMADEG,,,5102,
5102011,2020-12-16 00:06:12.630527+00,2020-12-16 00:06:12.630539+00,,,SELEMADEG TIMUR,,,5102,
5102012,2020-12-16 00:06:12.632207+00,2020-12-16 00:06:12.632218+00,,,SELEMADEG BARAT,,,5102,
5102020,2020-12-16 00:06:12.634447+00,2020-12-16 00:06:12.63447+00,,,KERAMBITAN,,,5102,
5102030,2020-12-16 00:06:12.636992+00,2020-12-16 00:06:12.637009+00,,,TABANAN,,,5102,
5102040,2020-12-16 00:06:12.639563+00,2020-12-16 00:06:12.639578+00,,,KEDIRI,,,5102,
5102050,2020-12-16 00:06:12.641894+00,2020-12-16 00:06:12.641909+00,,,MARGA,,,5102,
5102060,2020-12-16 00:06:12.644199+00,2020-12-16 00:06:12.644213+00,,,BATURITI,,,5102,
5102070,2020-12-16 00:06:12.646019+00,2020-12-16 00:06:12.646032+00,,,PENEBEL,,,5102,
5102080,2020-12-16 00:06:12.647957+00,2020-12-16 00:06:12.64797+00,,,PUPUAN,,,5102,
5103010,2020-12-16 00:06:12.649663+00,2020-12-16 00:06:12.649675+00,,,KUTA SELATAN,,,5103,
5103020,2020-12-16 00:06:12.651344+00,2020-12-16 00:06:12.651356+00,,,KUTA,,,5103,
5103030,2020-12-16 00:06:12.653143+00,2020-12-16 00:06:12.653156+00,,,KUTA UTARA,,,5103,
5103040,2020-12-16 00:06:12.655055+00,2020-12-16 00:06:12.655067+00,,,MENGWI,,,5103,
5103050,2020-12-16 00:06:12.657024+00,2020-12-16 00:06:12.657036+00,,,ABIANSEMAL,,,5103,
5103060,2020-12-16 00:06:12.658887+00,2020-12-16 00:06:12.658898+00,,,PETANG,,,5103,
5104010,2020-12-16 00:06:12.660818+00,2020-12-16 00:06:12.660839+00,,,SUKAWATI,,,5104,
5104020,2020-12-16 00:06:12.662795+00,2020-12-16 00:06:12.662807+00,,,BLAHBATUH,,,5104,
5104030,2020-12-16 00:06:12.66456+00,2020-12-16 00:06:12.664571+00,,,GIANYAR,,,5104,
5104040,2020-12-16 00:06:12.66625+00,2020-12-16 00:06:12.666261+00,,,TAMPAKSIRING,,,5104,
5104050,2020-12-16 00:06:12.668005+00,2020-12-16 00:06:12.668016+00,,,UBUD,,,5104,
5104060,2020-12-16 00:06:12.669653+00,2020-12-16 00:06:12.669665+00,,,TEGALLALANG,,,5104,
5104070,2020-12-16 00:06:12.671354+00,2020-12-16 00:06:12.671366+00,,,PAYANGAN,,,5104,
5105010,2020-12-16 00:06:12.673341+00,2020-12-16 00:06:12.673354+00,,,NUSAPENIDA,,,5105,
5105020,2020-12-16 00:06:12.675075+00,2020-12-16 00:06:12.675087+00,,,BANJARANGKAN,,,5105,
5105030,2020-12-16 00:06:12.676753+00,2020-12-16 00:06:12.676765+00,,,KLUNGKUNG,,,5105,
5105040,2020-12-16 00:06:12.678485+00,2020-12-16 00:06:12.678496+00,,,DAWAN,,,5105,
5106010,2020-12-16 00:06:12.680142+00,2020-12-16 00:06:12.680153+00,,,SUSUT,,,5106,
5106020,2020-12-16 00:06:12.681768+00,2020-12-16 00:06:12.681779+00,,,BANGLI,,,5106,
5106030,2020-12-16 00:06:12.68342+00,2020-12-16 00:06:12.683432+00,,,TEMBUKU,,,5106,
5106040,2020-12-16 00:06:12.685068+00,2020-12-16 00:06:12.68508+00,,,KINTAMANI,,,5106,
5107010,2020-12-16 00:06:12.686687+00,2020-12-16 00:06:12.686698+00,,,RENDANG,,,5107,
5107020,2020-12-16 00:06:12.688308+00,2020-12-16 00:06:12.688319+00,,,SIDEMEN,,,5107,
5107030,2020-12-16 00:06:12.689953+00,2020-12-16 00:06:12.689964+00,,,MANGGIS,,,5107,
5107040,2020-12-16 00:06:12.691737+00,2020-12-16 00:06:12.691749+00,,,KARANGASEM,,,5107,
5107050,2020-12-16 00:06:12.693427+00,2020-12-16 00:06:12.693439+00,,,ABANG,,,5107,
5107060,2020-12-16 00:06:12.69502+00,2020-12-16 00:06:12.695032+00,,,BEBANDEM,,,5107,
5107070,2020-12-16 00:06:12.697109+00,2020-12-16 00:06:12.697122+00,,,SELAT,,,5107,
5107080,2020-12-16 00:06:12.699098+00,2020-12-16 00:06:12.699119+00,,,KUBU,,,5107,
5108010,2020-12-16 00:06:12.701101+00,2020-12-16 00:06:12.701112+00,,,GEROKGAK,,,5108,
5108020,2020-12-16 00:06:12.702993+00,2020-12-16 00:06:12.703005+00,,,SERIRIT,,,5108,
5108030,2020-12-16 00:06:12.705029+00,2020-12-16 00:06:12.705041+00,,,BUSUNGBIU,,,5108,
5108040,2020-12-16 00:06:12.706899+00,2020-12-16 00:06:12.706912+00,,,BANJAR,,,5108,
5108050,2020-12-16 00:06:12.709005+00,2020-12-16 00:06:12.709023+00,,,SUKASADA,,,5108,
5108060,2020-12-16 00:06:12.711315+00,2020-12-16 00:06:12.71133+00,,,BULELENG,,,5108,
5108070,2020-12-16 00:06:12.713376+00,2020-12-16 00:06:12.71339+00,,,SAWAN,,,5108,
5108080,2020-12-16 00:06:12.715228+00,2020-12-16 00:06:12.715242+00,,,KUBUTAMBAHAN,,,5108,
5108090,2020-12-16 00:06:12.717161+00,2020-12-16 00:06:12.717173+00,,,TEJAKULA,,,5108,
5171010,2020-12-16 00:06:12.719083+00,2020-12-16 00:06:12.719094+00,,,DENPASAR SELATAN,,,5171,
5171020,2020-12-16 00:06:12.721087+00,2020-12-16 00:06:12.721099+00,,,DENPASAR TIMUR,,,5171,
5171030,2020-12-16 00:06:12.723113+00,2020-12-16 00:06:12.723135+00,,,DENPASAR BARAT,,,5171,
5171031,2020-12-16 00:06:12.725679+00,2020-12-16 00:06:12.7257+00,,,DENPASAR UTARA,,,5171,
5201010,2020-12-16 00:06:12.728449+00,2020-12-16 00:06:12.728472+00,,,SEKOTONG,,,5201,
5201011,2020-12-16 00:06:12.731016+00,2020-12-16 00:06:12.731039+00,,,LEMBAR,,,5201,
5201020,2020-12-16 00:06:12.733408+00,2020-12-16 00:06:12.73343+00,,,GERUNG,,,5201,
5201030,2020-12-16 00:06:12.735718+00,2020-12-16 00:06:12.73574+00,,,LABU API,,,5201,
5201040,2020-12-16 00:06:12.737917+00,2020-12-16 00:06:12.73793+00,,,KEDIRI,,,5201,
5201041,2020-12-16 00:06:12.739832+00,2020-12-16 00:06:12.739844+00,,,KURIPAN,,,5201,
5201050,2020-12-16 00:06:12.741915+00,2020-12-16 00:06:12.741927+00,,,NARMADA,,,5201,
5201051,2020-12-16 00:06:12.744014+00,2020-12-16 00:06:12.744026+00,,,LINGSAR,,,5201,
5201060,2020-12-16 00:06:12.746032+00,2020-12-16 00:06:12.746044+00,,,GUNUNG SARI,,,5201,
5201061,2020-12-16 00:06:12.748052+00,2020-12-16 00:06:12.748064+00,,,BATU LAYAR,,,5201,
5202010,2020-12-16 00:06:12.750037+00,2020-12-16 00:06:12.750049+00,,,PRAYA BARAT,,,5202,
5202011,2020-12-16 00:06:12.752085+00,2020-12-16 00:06:12.752097+00,,,PRAYA BARAT DAYA,,,5202,
5202020,2020-12-16 00:06:12.754208+00,2020-12-16 00:06:12.75422+00,,,PUJUT,,,5202,
5202030,2020-12-16 00:06:12.756254+00,2020-12-16 00:06:12.756267+00,,,PRAYA TIMUR,,,5202,
5202040,2020-12-16 00:06:12.758243+00,2020-12-16 00:06:12.758256+00,,,JANAPRIA,,,5202,
5202050,2020-12-16 00:06:12.760532+00,2020-12-16 00:06:12.760546+00,,,KOPANG,,,5202,
5202060,2020-12-16 00:06:12.763046+00,2020-12-16 00:06:12.763059+00,,,PRAYA,,,5202,
5202061,2020-12-16 00:06:12.765616+00,2020-12-16 00:06:12.765631+00,,,PRAYA TENGAH,,,5202,
5202070,2020-12-16 00:06:12.768302+00,2020-12-16 00:06:12.768317+00,,,JONGGAT,,,5202,
5202080,2020-12-16 00:06:12.771004+00,2020-12-16 00:06:12.77102+00,,,PRINGGARATA,,,5202,
5202090,2020-12-16 00:06:12.773441+00,2020-12-16 00:06:12.773453+00,,,BATUKLIANG,,,5202,
5202091,2020-12-16 00:06:12.775953+00,2020-12-16 00:06:12.775968+00,,,BATUKLIANG UTARA,,,5202,
5203010,2020-12-16 00:06:12.778476+00,2020-12-16 00:06:12.77849+00,,,KERUAK,,,5203,
5203011,2020-12-16 00:06:12.781211+00,2020-12-16 00:06:12.781226+00,,,JEROWARU,,,5203,
5203020,2020-12-16 00:06:12.784074+00,2020-12-16 00:06:12.784088+00,,,SAKRA,,,5203,
5203021,2020-12-16 00:06:12.786752+00,2020-12-16 00:06:12.786767+00,,,SAKRA BARAT,,,5203,
5203022,2020-12-16 00:06:12.789352+00,2020-12-16 00:06:12.789367+00,,,SAKRA TIMUR,,,5203,
5203030,2020-12-16 00:06:12.791946+00,2020-12-16 00:06:12.791961+00,,,TERARA,,,5203,
5203031,2020-12-16 00:06:12.794507+00,2020-12-16 00:06:12.79452+00,,,MONTONG GADING,,,5203,
5203040,2020-12-16 00:06:12.79709+00,2020-12-16 00:06:12.797105+00,,,SIKUR,,,5203,
5203050,2020-12-16 00:06:12.800055+00,2020-12-16 00:06:12.800069+00,,,MASBAGIK,,,5203,
5203051,2020-12-16 00:06:12.802524+00,2020-12-16 00:06:12.802536+00,,,PRINGGASELA,,,5203,
5203060,2020-12-16 00:06:12.8049+00,2020-12-16 00:06:12.804915+00,,,SUKAMULIA,,,5203,
5203061,2020-12-16 00:06:12.807387+00,2020-12-16 00:06:12.807402+00,,,SURALAGA,,,5203,
5203070,2020-12-16 00:06:12.809837+00,2020-12-16 00:06:12.809852+00,,,SELONG,,,5203,
5203071,2020-12-16 00:06:12.813134+00,2020-12-16 00:06:12.813153+00,,,LABUHAN HAJI,,,5203,
5203080,2020-12-16 00:06:12.816412+00,2020-12-16 00:06:12.816429+00,,,PRINGGABAYA,,,5203,
5203081,2020-12-16 00:06:12.819157+00,2020-12-16 00:06:12.81917+00,,,SUELA,,,5203,
5203090,2020-12-16 00:06:12.821947+00,2020-12-16 00:06:12.821962+00,,,AIKMEL,,,5203,
5203091,2020-12-16 00:06:12.825167+00,2020-12-16 00:06:12.825204+00,,,WANASABA,,,5203,
5203092,2020-12-16 00:06:12.829329+00,2020-12-16 00:06:12.829368+00,,,SEMBALUN,,,5203,
5203100,2020-12-16 00:06:12.833419+00,2020-12-16 00:06:12.833458+00,,,SAMBELIA,,,5203,
5204020,2020-12-16 00:06:12.837376+00,2020-12-16 00:06:12.837393+00,,,LUNYUK,,,5204,
5204021,2020-12-16 00:06:12.840188+00,2020-12-16 00:06:12.840202+00,,,ORONG TELU,,,5204,
5204050,2020-12-16 00:06:12.843098+00,2020-12-16 00:06:12.843113+00,,,ALAS,,,5204,
5204051,2020-12-16 00:06:12.846964+00,2020-12-16 00:06:12.846979+00,,,ALAS BARAT,,,5204,
5204052,2020-12-16 00:06:12.850082+00,2020-12-16 00:06:12.850097+00,,,BUER,,,5204,
5204061,2020-12-16 00:06:12.852936+00,2020-12-16 00:06:12.85295+00,,,UTAN,,,5204,
5204062,2020-12-16 00:06:12.855807+00,2020-12-16 00:06:12.855822+00,,,RHEE,,,5204,
5204070,2020-12-16 00:06:12.858742+00,2020-12-16 00:06:12.858765+00,,,BATULANTEH,,,5204,
5204080,2020-12-16 00:06:12.862076+00,2020-12-16 00:06:12.862099+00,,,SUMBAWA,,,5204,
5204081,2020-12-16 00:06:12.865232+00,2020-12-16 00:06:12.865255+00,,,LABUHAN BADAS,,,5204,
5204082,2020-12-16 00:06:12.868479+00,2020-12-16 00:06:12.868503+00,,,UNTER IWES,,,5204,
5204090,2020-12-16 00:06:12.871578+00,2020-12-16 00:06:12.871603+00,,,MOYOHILIR,,,5204,
5204091,2020-12-16 00:06:12.87505+00,2020-12-16 00:06:12.875075+00,,,MOYO UTARA,,,5204,
5204100,2020-12-16 00:06:12.878575+00,2020-12-16 00:06:12.8786+00,,,MOYOHULU,,,5204,
5204110,2020-12-16 00:06:12.881906+00,2020-12-16 00:06:12.88193+00,,,ROPANG,,,5204,
5204111,2020-12-16 00:06:12.885056+00,2020-12-16 00:06:12.88508+00,,,LENANGGUAR,,,5204,
5204112,2020-12-16 00:06:12.888516+00,2020-12-16 00:06:12.88854+00,,,LANTUNG,,,5204,
5204121,2020-12-16 00:06:12.892079+00,2020-12-16 00:06:12.892106+00,,,LAPE,,,5204,
5204122,2020-12-16 00:06:12.895232+00,2020-12-16 00:06:12.89526+00,,,LOPOK,,,5204,
5204130,2020-12-16 00:06:12.898474+00,2020-12-16 00:06:12.898499+00,,,PLAMPANG,,,5204,
5204131,2020-12-16 00:06:12.90183+00,2020-12-16 00:06:12.901857+00,,,LABANGKA,,,5204,
5204132,2020-12-16 00:06:12.905263+00,2020-12-16 00:06:12.905288+00,,,MARONGE,,,5204,
5204140,2020-12-16 00:06:12.908774+00,2020-12-16 00:06:12.9088+00,,,EMPANG,,,5204,
5204141,2020-12-16 00:06:12.912286+00,2020-12-16 00:06:12.91231+00,,,TARANO,,,5204,
5205010,2020-12-16 00:06:12.915846+00,2020-12-16 00:06:12.915874+00,,,HU'U,,,5205,
5205011,2020-12-16 00:06:12.919619+00,2020-12-16 00:06:12.919646+00,,,PAJO,,,5205,
5205020,2020-12-16 00:06:12.922923+00,2020-12-16 00:06:12.922949+00,,,DOMPU,,,5205,
5205030,2020-12-16 00:06:12.926154+00,2020-12-16 00:06:12.926177+00,,,WOJA,,,5205,
5205040,2020-12-16 00:06:12.929336+00,2020-12-16 00:06:12.929359+00,,,KILO,,,5205,
5205050,2020-12-16 00:06:12.932735+00,2020-12-16 00:06:12.932758+00,,,KEMPO,,,5205,
5205051,2020-12-16 00:06:12.935892+00,2020-12-16 00:06:12.935917+00,,,MANGGALEWA,,,5205,
5205060,2020-12-16 00:06:12.939045+00,2020-12-16 00:06:12.939068+00,,,PEKAT,,,5205,
5206010,2020-12-16 00:06:12.942058+00,2020-12-16 00:06:12.94208+00,,,MONTA,,,5206,
5206011,2020-12-16 00:06:12.945369+00,2020-12-16 00:06:12.945392+00,,,PARADO,,,5206,
5206020,2020-12-16 00:06:12.949166+00,2020-12-16 00:06:12.949193+00,,,BOLO,,,5206,
5206021,2020-12-16 00:06:12.952459+00,2020-12-16 00:06:12.952486+00,,,MADA PANGGA,,,5206,
5206030,2020-12-16 00:06:12.955435+00,2020-12-16 00:06:12.95546+00,,,WOHA,,,5206,
5206040,2020-12-16 00:06:12.957997+00,2020-12-16 00:06:12.958009+00,,,BELO,,,5206,
5206041,2020-12-16 00:06:12.960029+00,2020-12-16 00:06:12.96004+00,,,PALIBELO,,,5206,
5206050,2020-12-16 00:06:12.962188+00,2020-12-16 00:06:12.9622+00,,,WAWO,,,5206,
5206051,2020-12-16 00:06:12.96444+00,2020-12-16 00:06:12.964452+00,,,LANGGUDU,,,5206,
5206052,2020-12-16 00:06:12.966845+00,2020-12-16 00:06:12.966858+00,,,LAMBITU,,,5206,
5206060,2020-12-16 00:06:12.969039+00,2020-12-16 00:06:12.969051+00,,,SAPE,,,5206,
5206061,2020-12-16 00:06:12.971105+00,2020-12-16 00:06:12.971117+00,,,LAMBU,,,5206,
5206070,2020-12-16 00:06:12.974538+00,2020-12-16 00:06:12.974577+00,,,WERA,,,5206,
5206071,2020-12-16 00:06:12.978143+00,2020-12-16 00:06:12.978182+00,,,AMBALAWI,,,5206,
5206080,2020-12-16 00:06:12.981762+00,2020-12-16 00:06:12.981801+00,,,DONGGO,,,5206,
5206081,2020-12-16 00:06:12.985609+00,2020-12-16 00:06:12.985626+00,,,SOROMANDI,,,5206,
5206090,2020-12-16 00:06:12.988425+00,2020-12-16 00:06:12.988439+00,,,SANGGAR,,,5206,
5206091,2020-12-16 00:06:12.991312+00,2020-12-16 00:06:12.991327+00,,,TAMBORA,,,5206,
5207010,2020-12-16 00:06:12.994211+00,2020-12-16 00:06:12.994226+00,,,SEKONGKANG,,,5207,
5207020,2020-12-16 00:06:12.996888+00,2020-12-16 00:06:12.996903+00,,,JEREWEH,,,5207,
5207021,2020-12-16 00:06:12.999489+00,2020-12-16 00:06:12.999504+00,,,MALUK,,,5207,
5207030,2020-12-16 00:06:13.001963+00,2020-12-16 00:06:13.001978+00,,,TALIWANG,,,5207,
5207031,2020-12-16 00:06:13.004212+00,2020-12-16 00:06:13.004227+00,,,BRANG ENE,,,5207,
5207040,2020-12-16 00:06:13.006728+00,2020-12-16 00:06:13.006743+00,,,BRANG REA,,,5207,
5207050,2020-12-16 00:06:13.00915+00,2020-12-16 00:06:13.009165+00,,,SETELUK,,,5207,
5207051,2020-12-16 00:06:13.011524+00,2020-12-16 00:06:13.011539+00,,,POTO TANO,,,5207,
5208010,2020-12-16 00:06:13.013846+00,2020-12-16 00:06:13.013874+00,,,PEMENANG,,,5208,
5208020,2020-12-16 00:06:13.016666+00,2020-12-16 00:06:13.01668+00,,,TANJUNG,,,5208,
5208030,2020-12-16 00:06:13.019694+00,2020-12-16 00:06:13.019721+00,,,GANGGA,,,5208,
5208040,2020-12-16 00:06:13.02266+00,2020-12-16 00:06:13.022677+00,,,KAYANGAN,,,5208,
5208050,2020-12-16 00:06:13.025525+00,2020-12-16 00:06:13.02554+00,,,BAYAN,,,5208,
5271010,2020-12-16 00:06:13.028515+00,2020-12-16 00:06:13.028529+00,,,AMPENAN,,,5271,
5271011,2020-12-16 00:06:13.031367+00,2020-12-16 00:06:13.031382+00,,,SEKARBELA,,,5271,
5271020,2020-12-16 00:06:13.033948+00,2020-12-16 00:06:13.033962+00,,,MATARAM,,,5271,
5271021,2020-12-16 00:06:13.036468+00,2020-12-16 00:06:13.036483+00,,,SELAPARANG,,,5271,
5271030,2020-12-16 00:06:13.039005+00,2020-12-16 00:06:13.039019+00,,,CAKRANEGARA,,,5271,
5271031,2020-12-16 00:06:13.041446+00,2020-12-16 00:06:13.041461+00,,,SANDUBAYA,,,5271,
5272010,2020-12-16 00:06:13.043983+00,2020-12-16 00:06:13.043999+00,,,RASANAE BARAT,,,5272,
5272011,2020-12-16 00:06:13.046809+00,2020-12-16 00:06:13.046824+00,,,MPUNDA,,,5272,
5272020,2020-12-16 00:06:13.049597+00,2020-12-16 00:06:13.049612+00,,,RASANAE TIMUR,,,5272,
5272021,2020-12-16 00:06:13.052234+00,2020-12-16 00:06:13.052248+00,,,RABA,,,5272,
5272030,2020-12-16 00:06:13.054686+00,2020-12-16 00:06:13.054701+00,,,ASAKOTA,,,5272,
5301021,2020-12-16 00:06:13.057058+00,2020-12-16 00:06:13.057072+00,,,LAMBOYA,,,5301,
5301022,2020-12-16 00:06:13.059498+00,2020-12-16 00:06:13.059512+00,,,WANOKAKA,,,5301,
5301023,2020-12-16 00:06:13.061809+00,2020-12-16 00:06:13.061823+00,,,LABOYA BARAT,,,5301,
5301050,2020-12-16 00:06:13.064224+00,2020-12-16 00:06:13.064238+00,,,LOLI,,,5301,
5301060,2020-12-16 00:06:13.066776+00,2020-12-16 00:06:13.06679+00,,,KOTA WAIKABUBAK,,,5301,
5301072,2020-12-16 00:06:13.06928+00,2020-12-16 00:06:13.069295+00,,,TANA RIGHU,,,5301,
5302010,2020-12-16 00:06:13.07174+00,2020-12-16 00:06:13.071754+00,,,LEWA,,,5302,
5302011,2020-12-16 00:06:13.074186+00,2020-12-16 00:06:13.074201+00,,,NGGAHA ORIANGU,,,5302,
5302012,2020-12-16 00:06:13.076776+00,2020-12-16 00:06:13.07679+00,,,LEWA TIDAHU,,,5302,
5302013,2020-12-16 00:06:13.079735+00,2020-12-16 00:06:13.079749+00,,,KATALA HAMU LINGU,,,5302,
5302020,2020-12-16 00:06:13.082548+00,2020-12-16 00:06:13.082564+00,,,TABUNDUNG,,,5302,
5302021,2020-12-16 00:06:13.08533+00,2020-12-16 00:06:13.085345+00,,,PINUPAHAR,,,5302,
5302030,2020-12-16 00:06:13.088126+00,2020-12-16 00:06:13.08814+00,,,PABERIWAI,,,5302,
5302031,2020-12-16 00:06:13.090917+00,2020-12-16 00:06:13.090932+00,,,KARERA,,,5302,
5302032,2020-12-16 00:06:13.093482+00,2020-12-16 00:06:13.093497+00,,,MATAWAI LA PAWU,,,5302,
5302033,2020-12-16 00:06:13.095991+00,2020-12-16 00:06:13.096006+00,,,KAHAUNGU ETI,,,5302,
5302034,2020-12-16 00:06:13.098523+00,2020-12-16 00:06:13.098538+00,,,MAHU,,,5302,
5302035,2020-12-16 00:06:13.100947+00,2020-12-16 00:06:13.100961+00,,,NGADU NGALA,,,5302,
5302040,2020-12-16 00:06:13.108848+00,2020-12-16 00:06:13.108871+00,,,PAHUNGA LODU,,,5302,
5302041,2020-12-16 00:06:13.113852+00,2020-12-16 00:06:13.113874+00,,,WULA WAIJELU,,,5302,
5302051,2020-12-16 00:06:13.117472+00,2020-12-16 00:06:13.117501+00,,,RINDI,,,5302,
5302052,2020-12-16 00:06:13.12095+00,2020-12-16 00:06:13.120978+00,,,UMALULU,,,5302,
5302060,2020-12-16 00:06:13.125395+00,2020-12-16 00:06:13.125447+00,,,PANDAWAI,,,5302,
5302061,2020-12-16 00:06:13.128757+00,2020-12-16 00:06:13.128772+00,,,KAMBATA MAPAMBUHANG,,,5302,
5302070,2020-12-16 00:06:13.131844+00,2020-12-16 00:06:13.131859+00,,,KOTA WAINGAPU,,,5302,
5302071,2020-12-16 00:06:13.134695+00,2020-12-16 00:06:13.13471+00,,,KAMBERA,,,5302,
5302080,2020-12-16 00:06:13.137549+00,2020-12-16 00:06:13.137564+00,,,HAHARU,,,5302,
5302081,2020-12-16 00:06:13.140253+00,2020-12-16 00:06:13.140267+00,,,KANATANG,,,5302,
5303100,2020-12-16 00:06:13.142803+00,2020-12-16 00:06:13.142817+00,,,SEMAU,,,5303,
5303101,2020-12-16 00:06:13.145387+00,2020-12-16 00:06:13.145402+00,,,SEMAU SELATAN,,,5303,
5303110,2020-12-16 00:06:13.147888+00,2020-12-16 00:06:13.147903+00,,,KUPANG BARAT,,,5303,
5303111,2020-12-16 00:06:13.150362+00,2020-12-16 00:06:13.150377+00,,,NEKAMESE,,,5303,
5303120,2020-12-16 00:06:13.152785+00,2020-12-16 00:06:13.152799+00,,,KUPANG TENGAH,,,5303,
5303121,2020-12-16 00:06:13.155709+00,2020-12-16 00:06:13.155724+00,,,TAEBENU,,,5303,
5303130,2020-12-16 00:06:13.158493+00,2020-12-16 00:06:13.158507+00,,,AMARASI,,,5303,
5303131,2020-12-16 00:06:13.161263+00,2020-12-16 00:06:13.161278+00,,,AMARASI BARAT,,,5303,
5303132,2020-12-16 00:06:13.163917+00,2020-12-16 00:06:13.163932+00,,,AMARASI SELATAN,,,5303,
5303133,2020-12-16 00:06:13.166615+00,2020-12-16 00:06:13.16663+00,,,AMARASI TIMUR,,,5303,
5303140,2020-12-16 00:06:13.169389+00,2020-12-16 00:06:13.169404+00,,,KUPANG TIMUR,,,5303,
5303141,2020-12-16 00:06:13.171997+00,2020-12-16 00:06:13.172011+00,,,AMABI OEFETO TIMUR,,,5303,
5303142,2020-12-16 00:06:13.174555+00,2020-12-16 00:06:13.17457+00,,,AMABI OEFETO,,,5303,
5303150,2020-12-16 00:06:13.177307+00,2020-12-16 00:06:13.177321+00,,,SULAMU,,,5303,
5303160,2020-12-16 00:06:13.180154+00,2020-12-16 00:06:13.180169+00,,,FATULEU,,,5303,
5303161,2020-12-16 00:06:13.182989+00,2020-12-16 00:06:13.183004+00,,,FATULEU TENGAH,,,5303,
5303162,2020-12-16 00:06:13.185761+00,2020-12-16 00:06:13.185776+00,,,FATULEU BARAT,,,5303,
5303170,2020-12-16 00:06:13.188471+00,2020-12-16 00:06:13.188486+00,,,TAKARI,,,5303,
5303180,2020-12-16 00:06:13.191075+00,2020-12-16 00:06:13.19109+00,,,AMFOANG SELATAN,,,5303,
5303181,2020-12-16 00:06:13.193651+00,2020-12-16 00:06:13.193666+00,,,AMFOANG BARAT DAYA,,,5303,
5303182,2020-12-16 00:06:13.196604+00,2020-12-16 00:06:13.196618+00,,,AMFOANG TENGAH,,,5303,
5303190,2020-12-16 00:06:13.199274+00,2020-12-16 00:06:13.199288+00,,,AMFOANG UTARA,,,5303,
5303191,2020-12-16 00:06:13.201651+00,2020-12-16 00:06:13.201666+00,,,AMFOANG BARAT LAUT,,,5303,
5303192,2020-12-16 00:06:13.20413+00,2020-12-16 00:06:13.204145+00,,,AMFOANG TIMUR,,,5303,
5304010,2020-12-16 00:06:13.206612+00,2020-12-16 00:06:13.206626+00,,,MOLLO UTARA,,,5304,
5304011,2020-12-16 00:06:13.209003+00,2020-12-16 00:06:13.209018+00,,,FATUMNASI,,,5304,
5304012,2020-12-16 00:06:13.211547+00,2020-12-16 00:06:13.211562+00,,,TOBU,,,5304,
5304013,2020-12-16 00:06:13.214015+00,2020-12-16 00:06:13.214029+00,,,NUNBENA,,,5304,
5304020,2020-12-16 00:06:13.216482+00,2020-12-16 00:06:13.216497+00,,,MOLLO SELATAN,,,5304,
5304021,2020-12-16 00:06:13.219095+00,2020-12-16 00:06:13.21911+00,,,POLEN,,,5304,
5304022,2020-12-16 00:06:13.221642+00,2020-12-16 00:06:13.221656+00,,,MOLLO BARAT,,,5304,
5304023,2020-12-16 00:06:13.224395+00,2020-12-16 00:06:13.224411+00,,,MOLLO TENGAH,,,5304,
5304030,2020-12-16 00:06:13.227266+00,2020-12-16 00:06:13.227295+00,,,KOTA SOE,,,5304,
5304040,2020-12-16 00:06:13.230416+00,2020-12-16 00:06:13.230433+00,,,AMANUBAN BARAT,,,5304,
5304041,2020-12-16 00:06:13.23289+00,2020-12-16 00:06:13.232905+00,,,BATU PUTIH,,,5304,
5304042,2020-12-16 00:06:13.235548+00,2020-12-16 00:06:13.235563+00,,,KUATNANA,,,5304,
5304050,2020-12-16 00:06:13.238059+00,2020-12-16 00:06:13.238074+00,,,AMANUBAN SELATAN,,,5304,
5304051,2020-12-16 00:06:13.240503+00,2020-12-16 00:06:13.240517+00,,,NOEBEBA,,,5304,
5304060,2020-12-16 00:06:13.243503+00,2020-12-16 00:06:13.243517+00,,,KUAN FATU,,,5304,
5304061,2020-12-16 00:06:13.246124+00,2020-12-16 00:06:13.246137+00,,,KUALIN,,,5304,
5304070,2020-12-16 00:06:13.248666+00,2020-12-16 00:06:13.248679+00,,,AMANUBAN TENGAH,,,5304,
5304071,2020-12-16 00:06:13.25143+00,2020-12-16 00:06:13.251443+00,,,KOLBANO,,,5304,
5304072,2020-12-16 00:06:13.253995+00,2020-12-16 00:06:13.25401+00,,,OENINO,,,5304,
5304080,2020-12-16 00:06:13.25659+00,2020-12-16 00:06:13.256603+00,,,AMANUBAN TIMUR,,,5304,
5304081,2020-12-16 00:06:13.25926+00,2020-12-16 00:06:13.259274+00,,,FAUTMOLO,,,5304,
5304082,2020-12-16 00:06:13.261898+00,2020-12-16 00:06:13.261911+00,,,FATUKOPA,,,5304,
5304090,2020-12-16 00:06:13.264559+00,2020-12-16 00:06:13.264573+00,,,KIE,,,5304,
5304091,2020-12-16 00:06:13.267232+00,2020-12-16 00:06:13.267247+00,,,KOT'OLIN,,,5304,
5304100,2020-12-16 00:06:13.269591+00,2020-12-16 00:06:13.269603+00,,,AMANATUN SELATAN,,,5304,
5304101,2020-12-16 00:06:13.271672+00,2020-12-16 00:06:13.271684+00,,,BOKING,,,5304,
5304102,2020-12-16 00:06:13.273982+00,2020-12-16 00:06:13.273994+00,,,NUNKOLO,,,5304,
5304103,2020-12-16 00:06:13.276353+00,2020-12-16 00:06:13.276365+00,,,NOEBANA,,,5304,
5304104,2020-12-16 00:06:13.278762+00,2020-12-16 00:06:13.278775+00,,,SANTIAN,,,5304,
5304110,2020-12-16 00:06:13.281377+00,2020-12-16 00:06:13.281391+00,,,AMANATUN UTARA,,,5304,
5304111,2020-12-16 00:06:13.284007+00,2020-12-16 00:06:13.284021+00,,,TOIANAS,,,5304,
5304112,2020-12-16 00:06:13.286989+00,2020-12-16 00:06:13.287002+00,,,KOKBAUN,,,5304,
5305010,2020-12-16 00:06:13.289204+00,2020-12-16 00:06:13.289217+00,,,MIOMAFFO BARAT,,,5305,
5305011,2020-12-16 00:06:13.29148+00,2020-12-16 00:06:13.2915+00,,,MIOMAFFO TENGAH,,,5305,
5305012,2020-12-16 00:06:13.29474+00,2020-12-16 00:06:13.294755+00,,,MUSI,,,5305,
5305013,2020-12-16 00:06:13.297849+00,2020-12-16 00:06:13.297864+00,,,MUTIS,,,5305,
5305020,2020-12-16 00:06:13.300537+00,2020-12-16 00:06:13.300552+00,,,MIOMAFFO TIMUR,,,5305,
5305021,2020-12-16 00:06:13.302985+00,2020-12-16 00:06:13.303+00,,,NOEMUTI,,,5305,
5305022,2020-12-16 00:06:13.305482+00,2020-12-16 00:06:13.305496+00,,,BIKOMI SELATAN,,,5305,
5305023,2020-12-16 00:06:13.307885+00,2020-12-16 00:06:13.3079+00,,,BIKOMI TENGAH,,,5305,
5305024,2020-12-16 00:06:13.310206+00,2020-12-16 00:06:13.310219+00,,,BIKOMI NILULAT,,,5305,
5305025,2020-12-16 00:06:13.312586+00,2020-12-16 00:06:13.312598+00,,,BIKOMI UTARA,,,5305,
5305026,2020-12-16 00:06:13.314962+00,2020-12-16 00:06:13.314974+00,,,NAIBENU,,,5305,
5305027,2020-12-16 00:06:13.317458+00,2020-12-16 00:06:13.31747+00,,,NOEMUTI TIMUR,,,5305,
5305030,2020-12-16 00:06:13.319922+00,2020-12-16 00:06:13.319934+00,,,KOTA KEFAMENANU,,,5305,
5305040,2020-12-16 00:06:13.322307+00,2020-12-16 00:06:13.322321+00,,,INSANA,,,5305,
5305041,2020-12-16 00:06:13.324757+00,2020-12-16 00:06:13.32477+00,,,INSANA UTARA,,,5305,
5305042,2020-12-16 00:06:13.327226+00,2020-12-16 00:06:13.327239+00,,,INSANA BARAT,,,5305,
5305043,2020-12-16 00:06:13.329494+00,2020-12-16 00:06:13.329508+00,,,INSANA TENGAH,,,5305,
5305044,2020-12-16 00:06:13.332095+00,2020-12-16 00:06:13.332112+00,,,INSANA FAFINESU,,,5305,
5305050,2020-12-16 00:06:13.334911+00,2020-12-16 00:06:13.334925+00,,,BIBOKI SELATAN,,,5305,
5305051,2020-12-16 00:06:13.337767+00,2020-12-16 00:06:13.337781+00,,,BIBOKI TANPAH,,,5305,
5305052,2020-12-16 00:06:13.340394+00,2020-12-16 00:06:13.340416+00,,,BIBOKI MOENLEU,,,5305,
5305060,2020-12-16 00:06:13.343001+00,2020-12-16 00:06:13.343014+00,,,BIBOKI UTARA,,,5305,
5305061,2020-12-16 00:06:13.345616+00,2020-12-16 00:06:13.345631+00,,,BIBOKI ANLEU,,,5305,
5305062,2020-12-16 00:06:13.348+00,2020-12-16 00:06:13.348013+00,,,BIBOKI FEOTLEU,,,5305,
5306032,2020-12-16 00:06:13.350333+00,2020-12-16 00:06:13.350346+00,,,RAI MANUK,,,5306,
5306050,2020-12-16 00:06:13.352773+00,2020-12-16 00:06:13.352785+00,,,TASIFETO BARAT,,,5306,
5306051,2020-12-16 00:06:13.355307+00,2020-12-16 00:06:13.355322+00,,,KAKULUK MESAK,,,5306,
5306052,2020-12-16 00:06:13.357933+00,2020-12-16 00:06:13.357947+00,,,NANAET DUBESI,,,5306,
5306060,2020-12-16 00:06:13.360279+00,2020-12-16 00:06:13.360292+00,,,ATAMBUA,,,5306,
5306061,2020-12-16 00:06:13.362891+00,2020-12-16 00:06:13.362905+00,,,ATAMBUA BARAT,,,5306,
5306062,2020-12-16 00:06:13.365509+00,2020-12-16 00:06:13.365524+00,,,ATAMBUA SELATAN,,,5306,
5306070,2020-12-16 00:06:13.368052+00,2020-12-16 00:06:13.368065+00,,,TASIFETO TIMUR,,,5306,
5306071,2020-12-16 00:06:13.37037+00,2020-12-16 00:06:13.370382+00,,,RAIHAT,,,5306,
5306072,2020-12-16 00:06:13.372678+00,2020-12-16 00:06:13.37269+00,,,LASIOLAT,,,5306,
5306080,2020-12-16 00:06:13.37503+00,2020-12-16 00:06:13.375043+00,,,LAMAKNEN,,,5306,
5306081,2020-12-16 00:06:13.377408+00,2020-12-16 00:06:13.37742+00,,,LAMAKNEN SELATAN,,,5306,
5307010,2020-12-16 00:06:13.380008+00,2020-12-16 00:06:13.380022+00,,,PANTAR,,,5307,
5307011,2020-12-16 00:06:13.382608+00,2020-12-16 00:06:13.382622+00,,,PANTAR BARAT,,,5307,
5307012,2020-12-16 00:06:13.384905+00,2020-12-16 00:06:13.38492+00,,,PANTAR TIMUR,,,5307,
5307013,2020-12-16 00:06:13.387491+00,2020-12-16 00:06:13.387505+00,,,PANTAR BARAT LAUT,,,5307,
5307014,2020-12-16 00:06:13.38986+00,2020-12-16 00:06:13.389872+00,,,PANTAR TENGAH,,,5307,
5307020,2020-12-16 00:06:13.392109+00,2020-12-16 00:06:13.392121+00,,,ALOR BARAT DAYA,,,5307,
5307021,2020-12-16 00:06:13.394531+00,2020-12-16 00:06:13.394544+00,,,MATARU,,,5307,
5307030,2020-12-16 00:06:13.39678+00,2020-12-16 00:06:13.396792+00,,,ALOR SELATAN,,,5307,
5307040,2020-12-16 00:06:13.399019+00,2020-12-16 00:06:13.399031+00,,,ALOR TIMUR,,,5307,
5307041,2020-12-16 00:06:13.401311+00,2020-12-16 00:06:13.401323+00,,,ALOR TIMUR LAUT,,,5307,
5307042,2020-12-16 00:06:13.403552+00,2020-12-16 00:06:13.403565+00,,,PUREMAN,,,5307,
5307050,2020-12-16 00:06:13.405825+00,2020-12-16 00:06:13.405837+00,,,TELUK MUTIARA,,,5307,
5307051,2020-12-16 00:06:13.408148+00,2020-12-16 00:06:13.40816+00,,,KABOLA,,,5307,
5307060,2020-12-16 00:06:13.410423+00,2020-12-16 00:06:13.410435+00,,,ALOR BARAT LAUT,,,5307,
5307061,2020-12-16 00:06:13.412644+00,2020-12-16 00:06:13.412656+00,,,ALOR TENGAH UTARA,,,5307,
5307062,2020-12-16 00:06:13.414843+00,2020-12-16 00:06:13.414855+00,,,PULAU PURA,,,5307,
5307063,2020-12-16 00:06:13.417058+00,2020-12-16 00:06:13.41707+00,,,LEMBUR,,,5307,
5308010,2020-12-16 00:06:13.419125+00,2020-12-16 00:06:13.419137+00,,,NAGAWUTUNG,,,5308,
5308011,2020-12-16 00:06:13.421387+00,2020-12-16 00:06:13.421399+00,,,WULANDONI,,,5308,
5308020,2020-12-16 00:06:13.423668+00,2020-12-16 00:06:13.423681+00,,,ATADEI,,,5308,
5308030,2020-12-16 00:06:13.425823+00,2020-12-16 00:06:13.425835+00,,,ILE APE,,,5308,
5308031,2020-12-16 00:06:13.428352+00,2020-12-16 00:06:13.428365+00,,,ILE APE TIMUR,,,5308,
5308040,2020-12-16 00:06:13.430947+00,2020-12-16 00:06:13.430961+00,,,LEBATUKAN,,,5308,
5308050,2020-12-16 00:06:13.433703+00,2020-12-16 00:06:13.43372+00,,,NUBATUKAN,,,5308,
5308060,2020-12-16 00:06:13.436411+00,2020-12-16 00:06:13.436427+00,,,OMESURI,,,5308,
5308070,2020-12-16 00:06:13.439137+00,2020-12-16 00:06:13.439151+00,,,BUYASARI,,,5308,
5309010,2020-12-16 00:06:13.441664+00,2020-12-16 00:06:13.441677+00,,,WULANGGITANG,,,5309,
5309011,2020-12-16 00:06:13.444071+00,2020-12-16 00:06:13.444083+00,,,TITEHENA,,,5309,
5309012,2020-12-16 00:06:13.446387+00,2020-12-16 00:06:13.446399+00,,,ILEBURA,,,5309,
5309020,2020-12-16 00:06:13.448758+00,2020-12-16 00:06:13.448771+00,,,TANJUNG BUNGA,,,5309,
5309021,2020-12-16 00:06:13.451533+00,2020-12-16 00:06:13.451546+00,,,LEWO LEMA,,,5309,
5309030,2020-12-16 00:06:13.454222+00,2020-12-16 00:06:13.454236+00,,,LARANTUKA,,,5309,
5309031,2020-12-16 00:06:13.456531+00,2020-12-16 00:06:13.456543+00,,,ILE MANDIRI,,,5309,
5309032,2020-12-16 00:06:13.459195+00,2020-12-16 00:06:13.459223+00,,,DEMON PAGONG,,,5309,
5309040,2020-12-16 00:06:13.461852+00,2020-12-16 00:06:13.461866+00,,,SOLOR BARAT,,,5309,
5309041,2020-12-16 00:06:13.464667+00,2020-12-16 00:06:13.46468+00,,,SOLOR SELATAN,,,5309,
5309050,2020-12-16 00:06:13.467271+00,2020-12-16 00:06:13.467285+00,,,SOLOR TIMUR,,,5309,
5309060,2020-12-16 00:06:13.469674+00,2020-12-16 00:06:13.469687+00,,,ADONARA BARAT,,,5309,
5309061,2020-12-16 00:06:13.471909+00,2020-12-16 00:06:13.471921+00,,,WOTAN ULU MADO,,,5309,
5309062,2020-12-16 00:06:13.474192+00,2020-12-16 00:06:13.474205+00,,,ADONARA TENGAH,,,5309,
5309070,2020-12-16 00:06:13.476811+00,2020-12-16 00:06:13.476827+00,,,ADONARA TIMUR,,,5309,
5309071,2020-12-16 00:06:13.479637+00,2020-12-16 00:06:13.479651+00,,,ILE BOLENG,,,5309,
5309072,2020-12-16 00:06:13.482323+00,2020-12-16 00:06:13.482337+00,,,WITIHAMA,,,5309,
5309073,2020-12-16 00:06:13.484764+00,2020-12-16 00:06:13.484777+00,,,KELUBAGOLIT,,,5309,
5309074,2020-12-16 00:06:13.487176+00,2020-12-16 00:06:13.487189+00,,,ADONARA,,,5309,
5310010,2020-12-16 00:06:13.489418+00,2020-12-16 00:06:13.48943+00,,,PAGA,,,5310,
5310011,2020-12-16 00:06:13.491604+00,2020-12-16 00:06:13.491617+00,,,MEGO,,,5310,
5310012,2020-12-16 00:06:13.493596+00,2020-12-16 00:06:13.49361+00,,,TANA WAWO,,,5310,
5310020,2020-12-16 00:06:13.496027+00,2020-12-16 00:06:13.49604+00,,,LELA,,,5310,
5310030,2020-12-16 00:06:13.498347+00,2020-12-16 00:06:13.498359+00,,,BOLA,,,5310,
5310031,2020-12-16 00:06:13.500587+00,2020-12-16 00:06:13.5006+00,,,DORENG,,,5310,
5310032,2020-12-16 00:06:13.502777+00,2020-12-16 00:06:13.50279+00,,,MAPITARA,,,5310,
5310040,2020-12-16 00:06:13.505016+00,2020-12-16 00:06:13.505028+00,,,TALIBURA,,,5310,
5310041,2020-12-16 00:06:13.507465+00,2020-12-16 00:06:13.507477+00,,,WAIGETE,,,5310,
5310042,2020-12-16 00:06:13.509674+00,2020-12-16 00:06:13.509686+00,,,WAIBLAMA,,,5310,
5310050,2020-12-16 00:06:13.511966+00,2020-12-16 00:06:13.511979+00,,,KEWAPANTE,,,5310,
5310051,2020-12-16 00:06:13.514553+00,2020-12-16 00:06:13.514567+00,,,HEWOKLOANG,,,5310,
5310052,2020-12-16 00:06:13.517536+00,2020-12-16 00:06:13.517586+00,,,KANGAE,,,5310,
5310061,2020-12-16 00:06:13.522078+00,2020-12-16 00:06:13.522125+00,,,PALUE,,,5310,
5310062,2020-12-16 00:06:13.526426+00,2020-12-16 00:06:13.526474+00,,,KOTING,,,5310,
5310063,2020-12-16 00:06:13.531246+00,2020-12-16 00:06:13.531262+00,,,NELLE,,,5310,
5310070,2020-12-16 00:06:13.534548+00,2020-12-16 00:06:13.534561+00,,,NITA,,,5310,
5310071,2020-12-16 00:06:13.537766+00,2020-12-16 00:06:13.537794+00,,,MAGEPANDA,,,5310,
5310080,2020-12-16 00:06:13.54088+00,2020-12-16 00:06:13.540896+00,,,ALOK,,,5310,
5310081,2020-12-16 00:06:13.543743+00,2020-12-16 00:06:13.543758+00,,,ALOK BARAT,,,5310,
5310082,2020-12-16 00:06:13.546778+00,2020-12-16 00:06:13.546811+00,,,ALOK TIMUR,,,5310,
5311010,2020-12-16 00:06:13.550799+00,2020-12-16 00:06:13.550838+00,,,NANGAPANDA,,,5311,
5311011,2020-12-16 00:06:13.554947+00,2020-12-16 00:06:13.554984+00,,,PULAU ENDE,,,5311,
5311012,2020-12-16 00:06:13.558827+00,2020-12-16 00:06:13.558842+00,,,MAUKARO,,,5311,
5311020,2020-12-16 00:06:13.56131+00,2020-12-16 00:06:13.561322+00,,,ENDE,,,5311,
5311030,2020-12-16 00:06:13.563609+00,2020-12-16 00:06:13.563621+00,,,ENDE SELATAN,,,5311,
5311031,2020-12-16 00:06:13.566224+00,2020-12-16 00:06:13.566238+00,,,ENDE TIMUR,,,5311,
5311032,2020-12-16 00:06:13.568823+00,2020-12-16 00:06:13.568835+00,,,ENDE TENGAH,,,5311,
5311033,2020-12-16 00:06:13.571346+00,2020-12-16 00:06:13.571359+00,,,ENDE UTARA,,,5311,
5311040,2020-12-16 00:06:13.573735+00,2020-12-16 00:06:13.573747+00,,,NDONA,,,5311,
5311041,2020-12-16 00:06:13.576277+00,2020-12-16 00:06:13.576291+00,,,NDONA TIMUR,,,5311,
5311050,2020-12-16 00:06:13.578743+00,2020-12-16 00:06:13.578756+00,,,WOLOWARU,,,5311,
5311051,2020-12-16 00:06:13.581243+00,2020-12-16 00:06:13.581257+00,,,WOLOJITA,,,5311,
5311052,2020-12-16 00:06:13.583857+00,2020-12-16 00:06:13.583871+00,,,LIO TIMUR,,,5311,
5311053,2020-12-16 00:06:13.586748+00,2020-12-16 00:06:13.586762+00,,,KELIMUTU,,,5311,
5311054,2020-12-16 00:06:13.589378+00,2020-12-16 00:06:13.589392+00,,,NDORI,,,5311,
5311060,2020-12-16 00:06:13.59164+00,2020-12-16 00:06:13.591653+00,,,MAUROLE,,,5311,
5311061,2020-12-16 00:06:13.593889+00,2020-12-16 00:06:13.593903+00,,,KOTABARU,,,5311,
5311062,2020-12-16 00:06:13.596111+00,2020-12-16 00:06:13.596124+00,,,DETUKELI,,,5311,
5311063,2020-12-16 00:06:13.598682+00,2020-12-16 00:06:13.598696+00,,,LEPEMBUSU KELISOKE,,,5311,
5311070,2020-12-16 00:06:13.601166+00,2020-12-16 00:06:13.601179+00,,,DETUSOKO,,,5311,
5311071,2020-12-16 00:06:13.605014+00,2020-12-16 00:06:13.605058+00,,,WEWARIA,,,5311,
5312010,2020-12-16 00:06:13.608967+00,2020-12-16 00:06:13.609+00,,,AIMERE,,,5312,
5312011,2020-12-16 00:06:13.612396+00,2020-12-16 00:06:13.61243+00,,,JEREBUU,,,5312,
5312012,2020-12-16 00:06:13.615763+00,2020-12-16 00:06:13.615795+00,,,INERIE,,,5312,
5312020,2020-12-16 00:06:13.61933+00,2020-12-16 00:06:13.619347+00,,,BAJAWA,,,5312,
5312030,2020-12-16 00:06:13.622042+00,2020-12-16 00:06:13.622057+00,,,GOLEWA,,,5312,
5312031,2020-12-16 00:06:13.624639+00,2020-12-16 00:06:13.624653+00,,,GOLEWA SELATAN,,,5312,
5312032,2020-12-16 00:06:13.627251+00,2020-12-16 00:06:13.627266+00,,,GOLEWA BARAT,,,5312,
5312070,2020-12-16 00:06:13.629842+00,2020-12-16 00:06:13.629857+00,,,BAJAWA UTARA,,,5312,
5312071,2020-12-16 00:06:13.632314+00,2020-12-16 00:06:13.63233+00,,,SOA,,,5312,
5312080,2020-12-16 00:06:13.634527+00,2020-12-16 00:06:13.634541+00,,,RIUNG,,,5312,
5312081,2020-12-16 00:06:13.636859+00,2020-12-16 00:06:13.636873+00,,,RIUNG BARAT,,,5312,
5312082,2020-12-16 00:06:13.63925+00,2020-12-16 00:06:13.639266+00,,,WOLOMEZE,,,5312,
5313040,2020-12-16 00:06:13.642255+00,2020-12-16 00:06:13.642274+00,,,SATAR MESE,,,5313,
5313041,2020-12-16 00:06:13.645116+00,2020-12-16 00:06:13.645132+00,,,SATAR MESE BARAT,,,5313,
5313110,2020-12-16 00:06:13.64792+00,2020-12-16 00:06:13.647936+00,,,LANGKE REMBONG,,,5313,
5313120,2020-12-16 00:06:13.650372+00,2020-12-16 00:06:13.650386+00,,,RUTENG,,,5313,
5313121,2020-12-16 00:06:13.652497+00,2020-12-16 00:06:13.652512+00,,,WAE RII,,,5313,
5313122,2020-12-16 00:06:13.654603+00,2020-12-16 00:06:13.654617+00,,,LELAK,,,5313,
5313123,2020-12-16 00:06:13.656586+00,2020-12-16 00:06:13.656601+00,,,RAHONG UTARA,,,5313,
5313130,2020-12-16 00:06:13.658563+00,2020-12-16 00:06:13.658577+00,,,CIBAL,,,5313,
5313131,2020-12-16 00:06:13.66064+00,2020-12-16 00:06:13.660654+00,,,CIBAL BARAT,,,5313,
5313140,2020-12-16 00:06:13.662621+00,2020-12-16 00:06:13.662635+00,,,REOK,,,5313,
5313141,2020-12-16 00:06:13.664852+00,2020-12-16 00:06:13.664867+00,,,REOK BARAT,,,5313,
5314010,2020-12-16 00:06:13.667148+00,2020-12-16 00:06:13.667163+00,,,ROTE BARAT DAYA,,,5314,
5314020,2020-12-16 00:06:13.669115+00,2020-12-16 00:06:13.669129+00,,,ROTE BARAT LAUT,,,5314,
5314030,2020-12-16 00:06:13.671137+00,2020-12-16 00:06:13.671151+00,,,LOBALAIN,,,5314,
5314040,2020-12-16 00:06:13.673101+00,2020-12-16 00:06:13.673114+00,,,ROTE TENGAH,,,5314,
5314041,2020-12-16 00:06:13.67518+00,2020-12-16 00:06:13.675195+00,,,ROTE SELATAN,,,5314,
5314050,2020-12-16 00:06:13.677714+00,2020-12-16 00:06:13.677746+00,,,PANTAI BARU,,,5314,
5314060,2020-12-16 00:06:13.681029+00,2020-12-16 00:06:13.681062+00,,,ROTE TIMUR,,,5314,
5314061,2020-12-16 00:06:13.68457+00,2020-12-16 00:06:13.684605+00,,,LANDU LEKO,,,5314,
5314070,2020-12-16 00:06:13.687732+00,2020-12-16 00:06:13.687763+00,,,ROTE BARAT,,,5314,
5314071,2020-12-16 00:06:13.690548+00,2020-12-16 00:06:13.69056+00,,,NDAO NUSE,,,5314,
5315010,2020-12-16 00:06:13.692574+00,2020-12-16 00:06:13.692587+00,,,KOMODO,,,5315,
5315011,2020-12-16 00:06:13.69477+00,2020-12-16 00:06:13.694782+00,,,BOLENG,,,5315,
5315020,2020-12-16 00:06:13.696965+00,2020-12-16 00:06:13.696977+00,,,SANO NGGOANG,,,5315,
5315021,2020-12-16 00:06:13.699151+00,2020-12-16 00:06:13.699163+00,,,MBELILING,,,5315,
5315030,2020-12-16 00:06:13.701376+00,2020-12-16 00:06:13.701388+00,,,LEMBOR,,,5315,
5315031,2020-12-16 00:06:13.703494+00,2020-12-16 00:06:13.703506+00,,,WELAK,,,5315,
5315032,2020-12-16 00:06:13.705399+00,2020-12-16 00:06:13.705411+00,,,LEMBOR SELATAN,,,5315,
5315040,2020-12-16 00:06:13.707514+00,2020-12-16 00:06:13.707527+00,,,KUWUS,,,5315,
5315041,2020-12-16 00:06:13.709683+00,2020-12-16 00:06:13.709712+00,,,NDOSO,,,5315,
5315050,2020-12-16 00:06:13.713191+00,2020-12-16 00:06:13.713221+00,,,MACANG PACAR,,,5315,
5316010,2020-12-16 00:06:13.716468+00,2020-12-16 00:06:13.716498+00,,,KATIKUTANA,,,5316,
5316011,2020-12-16 00:06:13.719432+00,2020-12-16 00:06:13.719458+00,,,KATIKUTANA SELATAN,,,5316,
5316020,2020-12-16 00:06:13.722139+00,2020-12-16 00:06:13.722165+00,,,UMBU RATU NGGAY BARAT,,,5316,
5316030,2020-12-16 00:06:13.72482+00,2020-12-16 00:06:13.724849+00,,,UMBU RATU NGGAY,,,5316,
5316040,2020-12-16 00:06:13.727901+00,2020-12-16 00:06:13.727916+00,,,MAMBORO,,,5316,
5317010,2020-12-16 00:06:13.730387+00,2020-12-16 00:06:13.730401+00,,,KODI BANGEDO,,,5317,
5317011,2020-12-16 00:06:13.733144+00,2020-12-16 00:06:13.733158+00,,,KODI BALAGHAR,,,5317,
5317020,2020-12-16 00:06:13.735849+00,2020-12-16 00:06:13.735865+00,,,KODI,,,5317,
5317030,2020-12-16 00:06:13.738416+00,2020-12-16 00:06:13.73843+00,,,KODI UTARA,,,5317,
5317040,2020-12-16 00:06:13.740898+00,2020-12-16 00:06:13.740912+00,,,WEWEWA SELATAN,,,5317,
5317050,2020-12-16 00:06:13.743824+00,2020-12-16 00:06:13.743843+00,,,WEWEWA BARAT,,,5317,
5317060,2020-12-16 00:06:13.746793+00,2020-12-16 00:06:13.746809+00,,,WEWEWA TIMUR,,,5317,
5317061,2020-12-16 00:06:13.749295+00,2020-12-16 00:06:13.749309+00,,,WEWEWA TENGAH,,,5317,
5317070,2020-12-16 00:06:13.751664+00,2020-12-16 00:06:13.751678+00,,,WEWEWA UTARA,,,5317,
5317080,2020-12-16 00:06:13.754091+00,2020-12-16 00:06:13.754106+00,,,LOURA,,,5317,
5317081,2020-12-16 00:06:13.756572+00,2020-12-16 00:06:13.756587+00,,,KOTA TAMBOLAKA,,,5317,
5318010,2020-12-16 00:06:13.758954+00,2020-12-16 00:06:13.758996+00,,,MAUPONGGO,,,5318,
5318020,2020-12-16 00:06:13.763043+00,2020-12-16 00:06:13.763076+00,,,KEO TENGAH,,,5318,
5318030,2020-12-16 00:06:13.76703+00,2020-12-16 00:06:13.767065+00,,,NANGARORO,,,5318,
5318040,2020-12-16 00:06:13.770682+00,2020-12-16 00:06:13.770696+00,,,BOAWAE,,,5318,
5318050,2020-12-16 00:06:13.773416+00,2020-12-16 00:06:13.773429+00,,,AESESA SELATAN,,,5318,
5318060,2020-12-16 00:06:13.776976+00,2020-12-16 00:06:13.777015+00,,,AESESA,,,5318,
5318070,2020-12-16 00:06:13.780876+00,2020-12-16 00:06:13.780914+00,,,WOLOWAE,,,5318,
5319010,2020-12-16 00:06:13.784243+00,2020-12-16 00:06:13.784267+00,,,BORONG,,,5319,
5319011,2020-12-16 00:06:13.787014+00,2020-12-16 00:06:13.787038+00,,,RANA MESE,,,5319,
5319020,2020-12-16 00:06:13.789807+00,2020-12-16 00:06:13.789831+00,,,KOTA KOMBA,,,5319,
5319030,2020-12-16 00:06:13.792584+00,2020-12-16 00:06:13.792607+00,,,ELAR,,,5319,
5319031,2020-12-16 00:06:13.796372+00,2020-12-16 00:06:13.796412+00,,,ELAR SELATAN,,,5319,
5319040,2020-12-16 00:06:13.79999+00,2020-12-16 00:06:13.800028+00,,,SAMBI RAMPAS,,,5319,
5319050,2020-12-16 00:06:13.803687+00,2020-12-16 00:06:13.8037+00,,,POCO RANAKA,,,5319,
5319051,2020-12-16 00:06:13.805977+00,2020-12-16 00:06:13.80599+00,,,POCO RANAKA TIMUR,,,5319,
5319060,2020-12-16 00:06:13.808358+00,2020-12-16 00:06:13.808371+00,,,LAMBA LEDA,,,5319,
5320010,2020-12-16 00:06:13.811924+00,2020-12-16 00:06:13.811963+00,,,RAIJUA,,,5320,
5320020,2020-12-16 00:06:13.81615+00,2020-12-16 00:06:13.816191+00,,,HAWU MEHARA,,,5320,
5320030,2020-12-16 00:06:13.819832+00,2020-12-16 00:06:13.819857+00,,,SABU LIAE,,,5320,
5320040,2020-12-16 00:06:13.823277+00,2020-12-16 00:06:13.823305+00,,,SABU BARAT,,,5320,
5320050,2020-12-16 00:06:13.826532+00,2020-12-16 00:06:13.826558+00,,,SABU TENGAH,,,5320,
5320060,2020-12-16 00:06:13.829676+00,2020-12-16 00:06:13.8297+00,,,SABU TIMUR,,,5320,
5321010,2020-12-16 00:06:13.83275+00,2020-12-16 00:06:13.832774+00,,,WEWIKU,,,5321,
5321020,2020-12-16 00:06:13.835759+00,2020-12-16 00:06:13.835784+00,,,MALAKA BARAT,,,5321,
5321030,2020-12-16 00:06:13.838624+00,2020-12-16 00:06:13.838649+00,,,WELIMAN,,,5321,
5321040,2020-12-16 00:06:13.841519+00,2020-12-16 00:06:13.841545+00,,,RINHAT,,,5321,
5321050,2020-12-16 00:06:13.84453+00,2020-12-16 00:06:13.844555+00,,,IO KUFEU,,,5321,
5321060,2020-12-16 00:06:13.847934+00,2020-12-16 00:06:13.847968+00,,,SASITA MEAN,,,5321,
5321070,2020-12-16 00:06:13.851714+00,2020-12-16 00:06:13.851748+00,,,MALAKA TENGAH,,,5321,
5321080,2020-12-16 00:06:13.85497+00,2020-12-16 00:06:13.854989+00,,,BOTIN LEOBELE,,,5321,
5321090,2020-12-16 00:06:13.857503+00,2020-12-16 00:06:13.857522+00,,,LAEN MANEN,,,5321,
5321100,2020-12-16 00:06:13.860104+00,2020-12-16 00:06:13.860123+00,,,MALAKA TIMUR,,,5321,
5321110,2020-12-16 00:06:13.862753+00,2020-12-16 00:06:13.862772+00,,,KOBALIMA,,,5321,
5321120,2020-12-16 00:06:13.865488+00,2020-12-16 00:06:13.86551+00,,,KOBALIMA TIMUR,,,5321,
5371010,2020-12-16 00:06:13.868513+00,2020-12-16 00:06:13.868536+00,,,ALAK,,,5371,
5371020,2020-12-16 00:06:13.871358+00,2020-12-16 00:06:13.87138+00,,,MAULAFA,,,5371,
5371030,2020-12-16 00:06:13.874217+00,2020-12-16 00:06:13.874267+00,,,OEBOBO,,,5371,
5371031,2020-12-16 00:06:13.877358+00,2020-12-16 00:06:13.877381+00,,,KOTA RAJA,,,5371,
5371040,2020-12-16 00:06:13.880667+00,2020-12-16 00:06:13.88069+00,,,KELAPA LIMA,,,5371,
5371041,2020-12-16 00:06:13.883962+00,2020-12-16 00:06:13.883988+00,,,KOTA LAMA,,,5371,
6101010,2020-12-16 00:06:13.887865+00,2020-12-16 00:06:13.887908+00,,,SELAKAU,,,6101,
6101011,2020-12-16 00:06:13.892081+00,2020-12-16 00:06:13.892123+00,,,SELAKAU TIMUR,,,6101,
6101020,2020-12-16 00:06:13.896334+00,2020-12-16 00:06:13.896377+00,,,PEMANGKAT,,,6101,
6101021,2020-12-16 00:06:13.900104+00,2020-12-16 00:06:13.900118+00,,,SEMPARUK,,,6101,
6101022,2020-12-16 00:06:13.902787+00,2020-12-16 00:06:13.902801+00,,,SALATIGA,,,6101,
6101030,2020-12-16 00:06:13.905426+00,2020-12-16 00:06:13.905441+00,,,TEBAS,,,6101,
6101031,2020-12-16 00:06:13.908056+00,2020-12-16 00:06:13.908072+00,,,TEKARANG,,,6101,
6101040,2020-12-16 00:06:13.910813+00,2020-12-16 00:06:13.910828+00,,,SAMBAS,,,6101,
6101041,2020-12-16 00:06:13.913612+00,2020-12-16 00:06:13.913627+00,,,SUBAH,,,6101,
6101042,2020-12-16 00:06:13.916493+00,2020-12-16 00:06:13.916508+00,,,SEBAWI,,,6101,
6101043,2020-12-16 00:06:13.91925+00,2020-12-16 00:06:13.919264+00,,,SAJAD,,,6101,
6101050,2020-12-16 00:06:13.921831+00,2020-12-16 00:06:13.921846+00,,,JAWAI,,,6101,
6101051,2020-12-16 00:06:13.924414+00,2020-12-16 00:06:13.92443+00,,,JAWAI SELATAN,,,6101,
6101060,2020-12-16 00:06:13.927085+00,2020-12-16 00:06:13.9271+00,,,TELUK KERAMAT,,,6101,
6101061,2020-12-16 00:06:13.929986+00,2020-12-16 00:06:13.930001+00,,,GALING,,,6101,
6101062,2020-12-16 00:06:13.932689+00,2020-12-16 00:06:13.932703+00,,,TANGARAN,,,6101,
6101070,2020-12-16 00:06:13.935394+00,2020-12-16 00:06:13.935408+00,,,SEJANGKUNG,,,6101,
6101080,2020-12-16 00:06:13.938028+00,2020-12-16 00:06:13.938043+00,,,SAJINGAN BESAR,,,6101,
6101090,2020-12-16 00:06:13.94077+00,2020-12-16 00:06:13.940784+00,,,PALOH,,,6101,
6102010,2020-12-16 00:06:13.943708+00,2020-12-16 00:06:13.943723+00,,,SUNGAI RAYA,,,6102,
6102011,2020-12-16 00:06:13.946485+00,2020-12-16 00:06:13.9465+00,,,CAPKALA,,,6102,
6102012,2020-12-16 00:06:13.949244+00,2020-12-16 00:06:13.949258+00,,,SUNGAI RAYA KEPULAUAN,,,6102,
6102030,2020-12-16 00:06:13.952319+00,2020-12-16 00:06:13.952344+00,,,SAMALANTAN,,,6102,
6102031,2020-12-16 00:06:13.955386+00,2020-12-16 00:06:13.955402+00,,,MONTERADO,,,6102,
6102032,2020-12-16 00:06:13.958127+00,2020-12-16 00:06:13.958142+00,,,LEMBAH BAWANG,,,6102,
6102040,2020-12-16 00:06:13.960814+00,2020-12-16 00:06:13.960829+00,,,BENGKAYANG,,,6102,
6102041,2020-12-16 00:06:13.963939+00,2020-12-16 00:06:13.963954+00,,,TERIAK,,,6102,
6102042,2020-12-16 00:06:13.966759+00,2020-12-16 00:06:13.966772+00,,,SUNGAI BETUNG,,,6102,
6102050,2020-12-16 00:06:13.969415+00,2020-12-16 00:06:13.96943+00,,,LEDO,,,6102,
6102051,2020-12-16 00:06:13.97206+00,2020-12-16 00:06:13.972075+00,,,SUTI SEMARANG,,,6102,
6102052,2020-12-16 00:06:13.974466+00,2020-12-16 00:06:13.974489+00,,,LUMAR,,,6102,
6102060,2020-12-16 00:06:13.977164+00,2020-12-16 00:06:13.977178+00,,,SANGGAU LEDO,,,6102,
6102061,2020-12-16 00:06:13.980005+00,2020-12-16 00:06:13.980019+00,,,TUJUHBELAS,,,6102,
6102070,2020-12-16 00:06:13.982796+00,2020-12-16 00:06:13.982811+00,,,SELUAS,,,6102,
6102080,2020-12-16 00:06:13.985681+00,2020-12-16 00:06:13.985696+00,,,JAGOI BABANG,,,6102,
6102081,2020-12-16 00:06:13.988594+00,2020-12-16 00:06:13.988609+00,,,SIDING,,,6102,
6103020,2020-12-16 00:06:13.991327+00,2020-12-16 00:06:13.991342+00,,,SEBANGKI,,,6103,
6103030,2020-12-16 00:06:13.994144+00,2020-12-16 00:06:13.994158+00,,,NGABANG,,,6103,
6103031,2020-12-16 00:06:13.996804+00,2020-12-16 00:06:13.996819+00,,,JELIMPO,,,6103,
6103040,2020-12-16 00:06:13.999489+00,2020-12-16 00:06:13.999504+00,,,SENGAH TEMILA,,,6103,
6103050,2020-12-16 00:06:14.00212+00,2020-12-16 00:06:14.002135+00,,,MANDOR,,,6103,
6103060,2020-12-16 00:06:14.004597+00,2020-12-16 00:06:14.004611+00,,,MENJALIN,,,6103,
6103070,2020-12-16 00:06:14.007041+00,2020-12-16 00:06:14.007054+00,,,MEMPAWAH HULU,,,6103,
6103071,2020-12-16 00:06:14.009778+00,2020-12-16 00:06:14.009792+00,,,SOMPAK,,,6103,
6103080,2020-12-16 00:06:14.012753+00,2020-12-16 00:06:14.012768+00,,,MENYUKE,,,6103,
6103081,2020-12-16 00:06:14.015761+00,2020-12-16 00:06:14.015777+00,,,BANYUKE HULU,,,6103,
6103090,2020-12-16 00:06:14.018904+00,2020-12-16 00:06:14.018919+00,,,MERANTI,,,6103,
6103100,2020-12-16 00:06:14.021567+00,2020-12-16 00:06:14.021582+00,,,KUALA BEHE,,,6103,
6103110,2020-12-16 00:06:14.024192+00,2020-12-16 00:06:14.024207+00,,,AIR BESAR,,,6103,
6104080,2020-12-16 00:06:14.02732+00,2020-12-16 00:06:14.027343+00,,,SIANTAN,,,6104,
6104081,2020-12-16 00:06:14.030247+00,2020-12-16 00:06:14.030269+00,,,SEGEDONG,,,6104,
6104090,2020-12-16 00:06:14.033164+00,2020-12-16 00:06:14.033187+00,,,SUNGAI PINYUH,,,6104,
6104091,2020-12-16 00:06:14.036496+00,2020-12-16 00:06:14.036522+00,,,ANJONGAN,,,6104,
6104100,2020-12-16 00:06:14.039689+00,2020-12-16 00:06:14.039714+00,,,MEMPAWAH HILIR,,,6104,
6104101,2020-12-16 00:06:14.042877+00,2020-12-16 00:06:14.042903+00,,,MEMPAWAH TIMUR,,,6104,
6104110,2020-12-16 00:06:14.046436+00,2020-12-16 00:06:14.04646+00,,,SUNGAI KUNYIT,,,6104,
6104120,2020-12-16 00:06:14.049866+00,2020-12-16 00:06:14.049889+00,,,TOHO,,,6104,
6104121,2020-12-16 00:06:14.053195+00,2020-12-16 00:06:14.053218+00,,,SADANIANG,,,6104,
6105010,2020-12-16 00:06:14.057062+00,2020-12-16 00:06:14.057104+00,,,TOBA,,,6105,
6105020,2020-12-16 00:06:14.061236+00,2020-12-16 00:06:14.061274+00,,,MELIAU,,,6105,
6105060,2020-12-16 00:06:14.065172+00,2020-12-16 00:06:14.065208+00,,,KAPUAS,,,6105,
6105070,2020-12-16 00:06:14.069397+00,2020-12-16 00:06:14.069433+00,,,MUKOK,,,6105,
6105120,2020-12-16 00:06:14.072524+00,2020-12-16 00:06:14.072538+00,,,JANGKANG,,,6105,
6105130,2020-12-16 00:06:14.075637+00,2020-12-16 00:06:14.075651+00,,,BONTI,,,6105,
6105140,2020-12-16 00:06:14.078227+00,2020-12-16 00:06:14.07824+00,,,PARINDU,,,6105,
6105150,2020-12-16 00:06:14.080687+00,2020-12-16 00:06:14.0807+00,,,TAYAN HILIR,,,6105,
6105160,2020-12-16 00:06:14.083277+00,2020-12-16 00:06:14.08329+00,,,BALAI,,,6105,
6105170,2020-12-16 00:06:14.085826+00,2020-12-16 00:06:14.085839+00,,,TAYAN HULU,,,6105,
6105180,2020-12-16 00:06:14.088282+00,2020-12-16 00:06:14.088295+00,,,KEMBAYAN,,,6105,
6105190,2020-12-16 00:06:14.090508+00,2020-12-16 00:06:14.09052+00,,,BEDUWAI,,,6105,
6105200,2020-12-16 00:06:14.092792+00,2020-12-16 00:06:14.092804+00,,,NOYAN,,,6105,
6105210,2020-12-16 00:06:14.095078+00,2020-12-16 00:06:14.0951+00,,,SEKAYAM,,,6105,
6105220,2020-12-16 00:06:14.097457+00,2020-12-16 00:06:14.09747+00,,,ENTIKONG,,,6105,
6106010,2020-12-16 00:06:14.099752+00,2020-12-16 00:06:14.099764+00,,,KENDAWANGAN,,,6106,
6106020,2020-12-16 00:06:14.102025+00,2020-12-16 00:06:14.102037+00,,,MANIS MATA,,,6106,
6106030,2020-12-16 00:06:14.104176+00,2020-12-16 00:06:14.104188+00,,,MARAU,,,6106,
6106031,2020-12-16 00:06:14.106861+00,2020-12-16 00:06:14.106873+00,,,SINGKUP,,,6106,
6106032,2020-12-16 00:06:14.109176+00,2020-12-16 00:06:14.109188+00,,,AIR UPAS,,,6106,
6106040,2020-12-16 00:06:14.111544+00,2020-12-16 00:06:14.111557+00,,,JELAI HULU,,,6106,
6106050,2020-12-16 00:06:14.113855+00,2020-12-16 00:06:14.113867+00,,,TUMBANG TITI,,,6106,
6106051,2020-12-16 00:06:14.116141+00,2020-12-16 00:06:14.116154+00,,,PEMAHAN,,,6106,
6106052,2020-12-16 00:06:14.118771+00,2020-12-16 00:06:14.118785+00,,,SUNGAI MELAYU RAYAK,,,6106,
6106060,2020-12-16 00:06:14.121359+00,2020-12-16 00:06:14.121372+00,,,MATAN HILIR SELATAN,,,6106,
6106061,2020-12-16 00:06:14.124031+00,2020-12-16 00:06:14.124045+00,,,BENUA KAYONG,,,6106,
6106070,2020-12-16 00:06:14.126728+00,2020-12-16 00:06:14.12674+00,,,MATAN HILIR UTARA,,,6106,
6106071,2020-12-16 00:06:14.12942+00,2020-12-16 00:06:14.129434+00,,,DELTA PAWAN,,,6106,
6106072,2020-12-16 00:06:14.132081+00,2020-12-16 00:06:14.132095+00,,,MUARA PAWAN,,,6106,
6106090,2020-12-16 00:06:14.134636+00,2020-12-16 00:06:14.134649+00,,,NANGA TAYAP,,,6106,
6106100,2020-12-16 00:06:14.137125+00,2020-12-16 00:06:14.137138+00,,,SANDAI,,,6106,
6106101,2020-12-16 00:06:14.139769+00,2020-12-16 00:06:14.139783+00,,,HULU SUNGAI,,,6106,
6106110,2020-12-16 00:06:14.14234+00,2020-12-16 00:06:14.142353+00,,,SUNGAI LAUR,,,6106,
6106120,2020-12-16 00:06:14.144526+00,2020-12-16 00:06:14.144538+00,,,SIMPANG HULU,,,6106,
6106121,2020-12-16 00:06:14.147129+00,2020-12-16 00:06:14.147143+00,,,SIMPANG DUA,,,6106,
6107060,2020-12-16 00:06:14.149779+00,2020-12-16 00:06:14.149793+00,,,SERAWAI,,,6107,
6107070,2020-12-16 00:06:14.152448+00,2020-12-16 00:06:14.152461+00,,,AMBALAU,,,6107,
6107080,2020-12-16 00:06:14.155249+00,2020-12-16 00:06:14.155263+00,,,KAYAN HULU,,,6107,
6107110,2020-12-16 00:06:14.157899+00,2020-12-16 00:06:14.157913+00,,,SEPAUK,,,6107,
6107120,2020-12-16 00:06:14.162191+00,2020-12-16 00:06:14.162253+00,,,TEMPUNAK,,,6107,
6107130,2020-12-16 00:06:14.166214+00,2020-12-16 00:06:14.166251+00,,,SUNGAI TEBELIAN,,,6107,
6107140,2020-12-16 00:06:14.169908+00,2020-12-16 00:06:14.169924+00,,,SINTANG,,,6107,
6107150,2020-12-16 00:06:14.172495+00,2020-12-16 00:06:14.17251+00,,,DEDAI,,,6107,
6107160,2020-12-16 00:06:14.174881+00,2020-12-16 00:06:14.174895+00,,,KAYAN HILIR,,,6107,
6107170,2020-12-16 00:06:14.177913+00,2020-12-16 00:06:14.177928+00,,,KELAM PERMAI,,,6107,
6107180,2020-12-16 00:06:14.180652+00,2020-12-16 00:06:14.180667+00,,,BINJAI HULU,,,6107,
6107190,2020-12-16 00:06:14.183507+00,2020-12-16 00:06:14.183522+00,,,KETUNGAU HILIR,,,6107,
6107200,2020-12-16 00:06:14.186446+00,2020-12-16 00:06:14.186461+00,,,KETUNGAU TENGAH,,,6107,
6107210,2020-12-16 00:06:14.188887+00,2020-12-16 00:06:14.188902+00,,,KETUNGAU HULU,,,6107,
6108010,2020-12-16 00:06:14.191647+00,2020-12-16 00:06:14.191662+00,,,SILAT HILIR,,,6108,
6108020,2020-12-16 00:06:14.194506+00,2020-12-16 00:06:14.194521+00,,,SILAT HULU,,,6108,
6108030,2020-12-16 00:06:14.197272+00,2020-12-16 00:06:14.197287+00,,,HULU GURUNG,,,6108,
6108040,2020-12-16 00:06:14.200132+00,2020-12-16 00:06:14.200148+00,,,BUNUT HULU,,,6108,
6108050,2020-12-16 00:06:14.202679+00,2020-12-16 00:06:14.202694+00,,,MENTEBAH,,,6108,
6108060,2020-12-16 00:06:14.205313+00,2020-12-16 00:06:14.205327+00,,,BIKA,,,6108,
6108070,2020-12-16 00:06:14.207796+00,2020-12-16 00:06:14.20781+00,,,KALIS,,,6108,
6108080,2020-12-16 00:06:14.210499+00,2020-12-16 00:06:14.210514+00,,,PUTUSSIBAU SELATAN,,,6108,
6108090,2020-12-16 00:06:14.213182+00,2020-12-16 00:06:14.213197+00,,,EMBALOH HILIR,,,6108,
6108100,2020-12-16 00:06:14.215787+00,2020-12-16 00:06:14.215802+00,,,BUNUT HILIR,,,6108,
6108110,2020-12-16 00:06:14.218335+00,2020-12-16 00:06:14.218358+00,,,BOYAN TANJUNG,,,6108,
6108120,2020-12-16 00:06:14.220943+00,2020-12-16 00:06:14.220958+00,,,PENGKADAN,,,6108,
6108130,2020-12-16 00:06:14.223494+00,2020-12-16 00:06:14.223508+00,,,JONGKONG,,,6108,
6108140,2020-12-16 00:06:14.226097+00,2020-12-16 00:06:14.226112+00,,,SELIMBAU,,,6108,
6108150,2020-12-16 00:06:14.22859+00,2020-12-16 00:06:14.228605+00,,,SUHAID,,,6108,
6108160,2020-12-16 00:06:14.231413+00,2020-12-16 00:06:14.231428+00,,,SEBERUANG,,,6108,
6108170,2020-12-16 00:06:14.234606+00,2020-12-16 00:06:14.234621+00,,,SEMITAU,,,6108,
6108180,2020-12-16 00:06:14.237354+00,2020-12-16 00:06:14.237369+00,,,EMPANANG,,,6108,
6108190,2020-12-16 00:06:14.239962+00,2020-12-16 00:06:14.239976+00,,,PURING KENCANA,,,6108,
6108200,2020-12-16 00:06:14.242816+00,2020-12-16 00:06:14.242831+00,,,BADAU,,,6108,
6108210,2020-12-16 00:06:14.245722+00,2020-12-16 00:06:14.245737+00,,,BATANG LUPAR,,,6108,
6108220,2020-12-16 00:06:14.248667+00,2020-12-16 00:06:14.248682+00,,,EMBALOH HULU,,,6108,
6108230,2020-12-16 00:06:14.251534+00,2020-12-16 00:06:14.251549+00,,,PUTUSSIBAU UTARA,,,6108,
6109010,2020-12-16 00:06:14.254434+00,2020-12-16 00:06:14.254449+00,,,NANGA MAHAP,,,6109,
6109020,2020-12-16 00:06:14.25729+00,2020-12-16 00:06:14.257305+00,,,NANGA TAMAN,,,6109,
6109030,2020-12-16 00:06:14.260107+00,2020-12-16 00:06:14.260122+00,,,SEKADAU HULU,,,6109,
6109040,2020-12-16 00:06:14.262893+00,2020-12-16 00:06:14.262909+00,,,SEKADAU HILIR,,,6109,
6109050,2020-12-16 00:06:14.266146+00,2020-12-16 00:06:14.266174+00,,,BELITANG HILIR,,,6109,
6109060,2020-12-16 00:06:14.269494+00,2020-12-16 00:06:14.269516+00,,,BELITANG,,,6109,
6109070,2020-12-16 00:06:14.27226+00,2020-12-16 00:06:14.272275+00,,,BELITANG HULU,,,6109,
6110010,2020-12-16 00:06:14.275154+00,2020-12-16 00:06:14.275169+00,,,SOKAN,,,6110,
6110020,2020-12-16 00:06:14.278101+00,2020-12-16 00:06:14.278115+00,,,TANAH PINOH,,,6110,
6110021,2020-12-16 00:06:14.280902+00,2020-12-16 00:06:14.280916+00,,,TANAH PINOH BARAT,,,6110,
6110030,2020-12-16 00:06:14.283893+00,2020-12-16 00:06:14.283916+00,,,SAYAN,,,6110,
6110040,2020-12-16 00:06:14.286764+00,2020-12-16 00:06:14.28678+00,,,BELIMBING,,,6110,
6110041,2020-12-16 00:06:14.289793+00,2020-12-16 00:06:14.289808+00,,,BELIMBING HULU,,,6110,
6110050,2020-12-16 00:06:14.29287+00,2020-12-16 00:06:14.292886+00,,,NANGA PINOH,,,6110,
6110051,2020-12-16 00:06:14.295642+00,2020-12-16 00:06:14.295658+00,,,PINOH SELATAN,,,6110,
6110052,2020-12-16 00:06:14.29822+00,2020-12-16 00:06:14.298235+00,,,PINOH UTARA,,,6110,
6110060,2020-12-16 00:06:14.300949+00,2020-12-16 00:06:14.300963+00,,,ELLA HILIR,,,6110,
6110070,2020-12-16 00:06:14.303719+00,2020-12-16 00:06:14.303734+00,,,MENUKUNG,,,6110,
6111010,2020-12-16 00:06:14.30622+00,2020-12-16 00:06:14.306233+00,,,PULAU MAYA,,,6111,
6111011,2020-12-16 00:06:14.309176+00,2020-12-16 00:06:14.309191+00,,,KEPULAUAN KARIMATA,,,6111,
6111020,2020-12-16 00:06:14.31188+00,2020-12-16 00:06:14.311894+00,,,SUKADANA,,,6111,
6111030,2020-12-16 00:06:14.314571+00,2020-12-16 00:06:14.314585+00,,,SIMPANG HILIR,,,6111,
6111040,2020-12-16 00:06:14.317128+00,2020-12-16 00:06:14.317143+00,,,TELUK BATANG,,,6111,
6111050,2020-12-16 00:06:14.319504+00,2020-12-16 00:06:14.319519+00,,,SEPONTI,,,6111,
6112010,2020-12-16 00:06:14.322447+00,2020-12-16 00:06:14.322473+00,,,BATU AMPAR,,,6112,
6112020,2020-12-16 00:06:14.325592+00,2020-12-16 00:06:14.325607+00,,,TERENTANG,,,6112,
6112030,2020-12-16 00:06:14.328427+00,2020-12-16 00:06:14.328442+00,,,KUBU,,,6112,
6112040,2020-12-16 00:06:14.331288+00,2020-12-16 00:06:14.331303+00,,,TELOK PA'KEDAI,,,6112,
6112050,2020-12-16 00:06:14.334144+00,2020-12-16 00:06:14.334159+00,,,SUNGAI KAKAP,,,6112,
6112060,2020-12-16 00:06:14.336861+00,2020-12-16 00:06:14.336876+00,,,RASAU JAYA,,,6112,
6112070,2020-12-16 00:06:14.339595+00,2020-12-16 00:06:14.33961+00,,,SUNGAI RAYA,,,6112,
6112080,2020-12-16 00:06:14.342416+00,2020-12-16 00:06:14.34243+00,,,SUNGAI AMBAWANG,,,6112,
6112090,2020-12-16 00:06:14.345179+00,2020-12-16 00:06:14.345193+00,,,KUALA MANDOR-B,,,6112,
6171010,2020-12-16 00:06:14.347979+00,2020-12-16 00:06:14.347994+00,,,PONTIANAK SELATAN,,,6171,
6171011,2020-12-16 00:06:14.350793+00,2020-12-16 00:06:14.350809+00,,,PONTIANAK TENGGARA,,,6171,
6171020,2020-12-16 00:06:14.353321+00,2020-12-16 00:06:14.353335+00,,,PONTIANAK TIMUR,,,6171,
6171030,2020-12-16 00:06:14.356223+00,2020-12-16 00:06:14.356237+00,,,PONTIANAK BARAT,,,6171,
6171031,2020-12-16 00:06:14.359376+00,2020-12-16 00:06:14.359391+00,,,PONTIANAK KOTA,,,6171,
6171040,2020-12-16 00:06:14.36199+00,2020-12-16 00:06:14.362005+00,,,PONTIANAK UTARA,,,6171,
6172010,2020-12-16 00:06:14.364409+00,2020-12-16 00:06:14.364423+00,,,SINGKAWANG SELATAN,,,6172,
6172020,2020-12-16 00:06:14.367001+00,2020-12-16 00:06:14.367026+00,,,SINGKAWANG TIMUR,,,6172,
6172030,2020-12-16 00:06:14.370276+00,2020-12-16 00:06:14.370302+00,,,SINGKAWANG UTARA,,,6172,
6172040,2020-12-16 00:06:14.373235+00,2020-12-16 00:06:14.37325+00,,,SINGKAWANG BARAT,,,6172,
6172050,2020-12-16 00:06:14.375927+00,2020-12-16 00:06:14.375943+00,,,SINGKAWANG TENGAH,,,6172,
6201040,2020-12-16 00:06:14.378821+00,2020-12-16 00:06:14.378836+00,,,KOTAWARINGIN LAMA,,,6201,
6201050,2020-12-16 00:06:14.381899+00,2020-12-16 00:06:14.381914+00,,,ARUT SELATAN,,,6201,
6201060,2020-12-16 00:06:14.38473+00,2020-12-16 00:06:14.384744+00,,,KUMAI,,,6201,
6201061,2020-12-16 00:06:14.387892+00,2020-12-16 00:06:14.387906+00,,,PANGKALAN BANTENG,,,6201,
6201062,2020-12-16 00:06:14.390823+00,2020-12-16 00:06:14.390838+00,,,PANGKALAN LADA,,,6201,
6201070,2020-12-16 00:06:14.393787+00,2020-12-16 00:06:14.393802+00,,,ARUT UTARA,,,6201,
6202020,2020-12-16 00:06:14.396451+00,2020-12-16 00:06:14.396468+00,,,MENTAYA HILIR SELATAN,,,6202,
6202021,2020-12-16 00:06:14.399315+00,2020-12-16 00:06:14.39933+00,,,TELUK SAMPIT,,,6202,
6202050,2020-12-16 00:06:14.402045+00,2020-12-16 00:06:14.40206+00,,,PULAU HANAUT,,,6202,
6202060,2020-12-16 00:06:14.40459+00,2020-12-16 00:06:14.404604+00,,,MENTAWA BARU/KETAPANG,,,6202,
6202061,2020-12-16 00:06:14.407551+00,2020-12-16 00:06:14.407566+00,,,SERANAU,,,6202,
6202070,2020-12-16 00:06:14.41022+00,2020-12-16 00:06:14.410234+00,,,MENTAYA HILIR UTARA,,,6202,
6202110,2020-12-16 00:06:14.412807+00,2020-12-16 00:06:14.412821+00,,,KOTA BESI,,,6202,
6202111,2020-12-16 00:06:14.415612+00,2020-12-16 00:06:14.415627+00,,,TELAWANG,,,6202,
6202120,2020-12-16 00:06:14.418572+00,2020-12-16 00:06:14.418586+00,,,BAAMANG,,,6202,
6202190,2020-12-16 00:06:14.42134+00,2020-12-16 00:06:14.421355+00,,,CEMPAGA,,,6202,
6202191,2020-12-16 00:06:14.423919+00,2020-12-16 00:06:14.423934+00,,,CEMPAGA HULU,,,6202,
6202200,2020-12-16 00:06:14.426536+00,2020-12-16 00:06:14.426551+00,,,PARENGGEAN,,,6202,
6202201,2020-12-16 00:06:14.429245+00,2020-12-16 00:06:14.429261+00,,,TUALAN HULU,,,6202,
6202210,2020-12-16 00:06:14.432009+00,2020-12-16 00:06:14.432024+00,,,MENTAYA HULU,,,6202,
6202211,2020-12-16 00:06:14.434618+00,2020-12-16 00:06:14.434632+00,,,BUKIT SANTUAI,,,6202,
6202230,2020-12-16 00:06:14.437152+00,2020-12-16 00:06:14.437167+00,,,ANTANG KALANG,,,6202,
6202231,2020-12-16 00:06:14.439962+00,2020-12-16 00:06:14.439976+00,,,TELAGA ANTANG,,,6202,
6203020,2020-12-16 00:06:14.442475+00,2020-12-16 00:06:14.442489+00,,,KAPUAS KUALA,,,6203,
6203021,2020-12-16 00:06:14.444998+00,2020-12-16 00:06:14.445012+00,,,TAMBAN CATUR,,,6203,
6203030,2020-12-16 00:06:14.447705+00,2020-12-16 00:06:14.447719+00,,,KAPUAS TIMUR,,,6203,
6203040,2020-12-16 00:06:14.450849+00,2020-12-16 00:06:14.450864+00,,,SELAT,,,6203,
6203041,2020-12-16 00:06:14.453921+00,2020-12-16 00:06:14.453935+00,,,BATAGUH,,,6203,
6203070,2020-12-16 00:06:14.457168+00,2020-12-16 00:06:14.457193+00,,,BASARANG,,,6203,
6203080,2020-12-16 00:06:14.46037+00,2020-12-16 00:06:14.460392+00,,,KAPUAS HILIR,,,6203,
6203090,2020-12-16 00:06:14.463608+00,2020-12-16 00:06:14.463631+00,,,PULAU PETAK,,,6203,
6203100,2020-12-16 00:06:14.466804+00,2020-12-16 00:06:14.46683+00,,,KAPUAS MURUNG,,,6203,
6203101,2020-12-16 00:06:14.46996+00,2020-12-16 00:06:14.469984+00,,,DADAHUP,,,6203,
6203110,2020-12-16 00:06:14.47382+00,2020-12-16 00:06:14.473865+00,,,KAPUAS BARAT,,,6203,
6203150,2020-12-16 00:06:14.477625+00,2020-12-16 00:06:14.477642+00,,,MANTANGAI,,,6203,
6203160,2020-12-16 00:06:14.480796+00,2020-12-16 00:06:14.480811+00,,,TIMPAH,,,6203,
6203170,2020-12-16 00:06:14.483664+00,2020-12-16 00:06:14.483679+00,,,KAPUAS TENGAH,,,6203,
6203171,2020-12-16 00:06:14.486637+00,2020-12-16 00:06:14.486651+00,,,PASAK TALAWANG,,,6203,
6203180,2020-12-16 00:06:14.489618+00,2020-12-16 00:06:14.489632+00,,,KAPUAS HULU,,,6203,
6203181,2020-12-16 00:06:14.492329+00,2020-12-16 00:06:14.492343+00,,,MANDAU TALAWANG,,,6203,
6204010,2020-12-16 00:06:14.494927+00,2020-12-16 00:06:14.494941+00,,,JENAMAS,,,6204,
6204020,2020-12-16 00:06:14.497473+00,2020-12-16 00:06:14.497488+00,,,DUSUN HILIR,,,6204,
6204030,2020-12-16 00:06:14.500184+00,2020-12-16 00:06:14.500199+00,,,KARAU KUALA,,,6204,
6204040,2020-12-16 00:06:14.502758+00,2020-12-16 00:06:14.502773+00,,,DUSUN SELATAN,,,6204,
6204050,2020-12-16 00:06:14.505273+00,2020-12-16 00:06:14.505288+00,,,DUSUN UTARA,,,6204,
6204060,2020-12-16 00:06:14.507732+00,2020-12-16 00:06:14.507747+00,,,GUNUNG BINTANG AWAI,,,6204,
6205010,2020-12-16 00:06:14.510278+00,2020-12-16 00:06:14.510292+00,,,MONTALLAT,,,6205,
6205020,2020-12-16 00:06:14.51295+00,2020-12-16 00:06:14.512964+00,,,GUNUNG TIMANG,,,6205,
6205030,2020-12-16 00:06:14.515894+00,2020-12-16 00:06:14.515909+00,,,GUNUNG PUREI,,,6205,
6205040,2020-12-16 00:06:14.518606+00,2020-12-16 00:06:14.518621+00,,,TEWEH TIMUR,,,6205,
6205050,2020-12-16 00:06:14.521187+00,2020-12-16 00:06:14.521202+00,,,TEWEH TENGAH,,,6205,
6205051,2020-12-16 00:06:14.523754+00,2020-12-16 00:06:14.523769+00,,,TEWEH  BARU,,,6205,
6205052,2020-12-16 00:06:14.526513+00,2020-12-16 00:06:14.526527+00,,,TEWEH SELATAN,,,6205,
6205060,2020-12-16 00:06:14.529216+00,2020-12-16 00:06:14.529231+00,,,LAHEI,,,6205,
6205061,2020-12-16 00:06:14.532067+00,2020-12-16 00:06:14.532082+00,,,LAHEI BARAT,,,6205,
6206010,2020-12-16 00:06:14.534914+00,2020-12-16 00:06:14.534929+00,,,JELAI,,,6206,
6206011,2020-12-16 00:06:14.537777+00,2020-12-16 00:06:14.537792+00,,,PANTAI LUNCI,,,6206,
6206020,2020-12-16 00:06:14.540835+00,2020-12-16 00:06:14.54085+00,,,SUKAMARA,,,6206,
6206030,2020-12-16 00:06:14.54384+00,2020-12-16 00:06:14.543854+00,,,BALAI RIAM,,,6206,
6206031,2020-12-16 00:06:14.546751+00,2020-12-16 00:06:14.546766+00,,,PERMATA KECUBUNG,,,6206,
6207010,2020-12-16 00:06:14.549632+00,2020-12-16 00:06:14.549647+00,,,BULIK,,,6207,
6207011,2020-12-16 00:06:14.552446+00,2020-12-16 00:06:14.55246+00,,,SEMATU JAYA,,,6207,
6207012,2020-12-16 00:06:14.555459+00,2020-12-16 00:06:14.555474+00,,,MENTHOBI RAYA,,,6207,
6207013,2020-12-16 00:06:14.558076+00,2020-12-16 00:06:14.55809+00,,,BULIK TIMUR,,,6207,
6207020,2020-12-16 00:06:14.560725+00,2020-12-16 00:06:14.560739+00,,,LAMANDAU,,,6207,
6207021,2020-12-16 00:06:14.563509+00,2020-12-16 00:06:14.563524+00,,,BELANTIKAN RAYA,,,6207,
6207030,2020-12-16 00:06:14.566132+00,2020-12-16 00:06:14.566147+00,,,DELANG,,,6207,
6207031,2020-12-16 00:06:14.56876+00,2020-12-16 00:06:14.568775+00,,,BATANGKAWA,,,6207,
6208010,2020-12-16 00:06:14.571562+00,2020-12-16 00:06:14.571578+00,,,SERUYAN HILIR,,,6208,
6208011,2020-12-16 00:06:14.574097+00,2020-12-16 00:06:14.574111+00,,,SERUYAN HILIR TIMUR,,,6208,
6208020,2020-12-16 00:06:14.577231+00,2020-12-16 00:06:14.577258+00,,,DANAU SEMBULUH,,,6208,
6208021,2020-12-16 00:06:14.580607+00,2020-12-16 00:06:14.580632+00,,,SERUYAN RAYA,,,6208,
6208030,2020-12-16 00:06:14.584012+00,2020-12-16 00:06:14.584036+00,,,HANAU,,,6208,
6208031,2020-12-16 00:06:14.586949+00,2020-12-16 00:06:14.586961+00,,,DANAU SELULUK,,,6208,
6208040,2020-12-16 00:06:14.589242+00,2020-12-16 00:06:14.589254+00,,,SERUYAN TENGAH,,,6208,
6208041,2020-12-16 00:06:14.59147+00,2020-12-16 00:06:14.591483+00,,,BATU AMPAR,,,6208,
6208050,2020-12-16 00:06:14.59412+00,2020-12-16 00:06:14.594134+00,,,SERUYAN HULU,,,6208,
6208051,2020-12-16 00:06:14.596589+00,2020-12-16 00:06:14.596603+00,,,SULING TAMBUN,,,6208,
6209010,2020-12-16 00:06:14.599322+00,2020-12-16 00:06:14.599336+00,,,KATINGAN KUALA,,,6209,
6209020,2020-12-16 00:06:14.601657+00,2020-12-16 00:06:14.601669+00,,,MENDAWAI,,,6209,
6209030,2020-12-16 00:06:14.603908+00,2020-12-16 00:06:14.603921+00,,,KAMIPANG,,,6209,
6209040,2020-12-16 00:06:14.605976+00,2020-12-16 00:06:14.605988+00,,,TASIK PAYAWAN,,,6209,
6209050,2020-12-16 00:06:14.608268+00,2020-12-16 00:06:14.60828+00,,,KATINGAN HILIR,,,6209,
6209060,2020-12-16 00:06:14.610636+00,2020-12-16 00:06:14.610649+00,,,TEWANG SANGALANG GARING,,,6209,
6209070,2020-12-16 00:06:14.612933+00,2020-12-16 00:06:14.612945+00,,,PULAU MALAN,,,6209,
6209080,2020-12-16 00:06:14.61524+00,2020-12-16 00:06:14.615253+00,,,KATINGAN TENGAH,,,6209,
6209090,2020-12-16 00:06:14.617529+00,2020-12-16 00:06:14.617541+00,,,SANAMAN MANTIKEI,,,6209,
6209091,2020-12-16 00:06:14.61991+00,2020-12-16 00:06:14.619922+00,,,PETAK MALAI,,,6209,
6209100,2020-12-16 00:06:14.622186+00,2020-12-16 00:06:14.622199+00,,,MARIKIT,,,6209,
6209110,2020-12-16 00:06:14.624488+00,2020-12-16 00:06:14.6245+00,,,KATINGAN HULU,,,6209,
6209111,2020-12-16 00:06:14.626836+00,2020-12-16 00:06:14.626849+00,,,BUKIT RAYA,,,6209,
6210010,2020-12-16 00:06:14.629719+00,2020-12-16 00:06:14.629733+00,,,KAHAYAN KUALA,,,6210,
6210011,2020-12-16 00:06:14.632221+00,2020-12-16 00:06:14.632234+00,,,SEBANGAU KUALA,,,6210,
6210020,2020-12-16 00:06:14.634778+00,2020-12-16 00:06:14.634791+00,,,PANDIH BATU,,,6210,
6210030,2020-12-16 00:06:14.636959+00,2020-12-16 00:06:14.636972+00,,,MALIKU,,,6210,
6210040,2020-12-16 00:06:14.639209+00,2020-12-16 00:06:14.639224+00,,,KAHAYAN HILIR,,,6210,
6210041,2020-12-16 00:06:14.641395+00,2020-12-16 00:06:14.641407+00,,,JABIREN RAYA,,,6210,
6210050,2020-12-16 00:06:14.643616+00,2020-12-16 00:06:14.643629+00,,,KAHAYAN TENGAH,,,6210,
6210060,2020-12-16 00:06:14.645853+00,2020-12-16 00:06:14.645865+00,,,BANAMA TINGANG,,,6210,
6211010,2020-12-16 00:06:14.648089+00,2020-12-16 00:06:14.648101+00,,,MANUHING,,,6211,
6211011,2020-12-16 00:06:14.650315+00,2020-12-16 00:06:14.650327+00,,,MANUHING RAYA,,,6211,
6211020,2020-12-16 00:06:14.652529+00,2020-12-16 00:06:14.652541+00,,,RUNGAN,,,6211,
6211021,2020-12-16 00:06:14.654752+00,2020-12-16 00:06:14.654764+00,,,RUNGAN HULU,,,6211,
6211022,2020-12-16 00:06:14.657223+00,2020-12-16 00:06:14.657236+00,,,RUNGAN BARAT,,,6211,
6211030,2020-12-16 00:06:14.659544+00,2020-12-16 00:06:14.659557+00,,,SEPANG,,,6211,
6211031,2020-12-16 00:06:14.662143+00,2020-12-16 00:06:14.662157+00,,,MIHING RAYA,,,6211,
6211040,2020-12-16 00:06:14.664586+00,2020-12-16 00:06:14.664599+00,,,KURUN,,,6211,
6211050,2020-12-16 00:06:14.666823+00,2020-12-16 00:06:14.666836+00,,,TEWAH,,,6211,
6211060,2020-12-16 00:06:14.669134+00,2020-12-16 00:06:14.669146+00,,,KAHAYAN HULU UTARA,,,6211,
6211061,2020-12-16 00:06:14.671548+00,2020-12-16 00:06:14.671561+00,,,DAMANG BATU,,,6211,
6211062,2020-12-16 00:06:14.673767+00,2020-12-16 00:06:14.673779+00,,,MIRI MANASA,,,6211,
6212010,2020-12-16 00:06:14.675928+00,2020-12-16 00:06:14.67594+00,,,BENUA LIMA,,,6212,
6212020,2020-12-16 00:06:14.678532+00,2020-12-16 00:06:14.678546+00,,,DUSUN TIMUR,,,6212,
6212021,2020-12-16 00:06:14.681384+00,2020-12-16 00:06:14.681401+00,,,PAJU EPAT,,,6212,
6212030,2020-12-16 00:06:14.684013+00,2020-12-16 00:06:14.684028+00,,,AWANG,,,6212,
6212040,2020-12-16 00:06:14.686437+00,2020-12-16 00:06:14.68645+00,,,PATANGKEP TUTUI,,,6212,
6212050,2020-12-16 00:06:14.688693+00,2020-12-16 00:06:14.688705+00,,,DUSUN TENGAH,,,6212,
6212051,2020-12-16 00:06:14.690985+00,2020-12-16 00:06:14.690997+00,,,RAREN BATUAH,,,6212,
6212052,2020-12-16 00:06:14.693285+00,2020-12-16 00:06:14.693297+00,,,PAKU,,,6212,
6212053,2020-12-16 00:06:14.695908+00,2020-12-16 00:06:14.695922+00,,,KARUSEN JANANG,,,6212,
6212060,2020-12-16 00:06:14.698404+00,2020-12-16 00:06:14.698418+00,,,PEMATANG KARAU,,,6212,
6213010,2020-12-16 00:06:14.700824+00,2020-12-16 00:06:14.700837+00,,,PERMATA INTAN,,,6213,
6213011,2020-12-16 00:06:14.703139+00,2020-12-16 00:06:14.703152+00,,,SUNGAI BABUAT,,,6213,
6213020,2020-12-16 00:06:14.705511+00,2020-12-16 00:06:14.705523+00,,,MURUNG,,,6213,
6213030,2020-12-16 00:06:14.707815+00,2020-12-16 00:06:14.707828+00,,,LAUNG TUHUP,,,6213,
6213031,2020-12-16 00:06:14.71016+00,2020-12-16 00:06:14.710173+00,,,BARITO TUHUP RAYA,,,6213,
6213040,2020-12-16 00:06:14.712328+00,2020-12-16 00:06:14.712341+00,,,TANAH SIANG,,,6213,
6213041,2020-12-16 00:06:14.714918+00,2020-12-16 00:06:14.714932+00,,,TANAH SIANG SELATAN,,,6213,
6213050,2020-12-16 00:06:14.717646+00,2020-12-16 00:06:14.71766+00,,,SUMBER BARITO,,,6213,
6213051,2020-12-16 00:06:14.720145+00,2020-12-16 00:06:14.720158+00,,,SERIBU RIAM,,,6213,
6213052,2020-12-16 00:06:14.722481+00,2020-12-16 00:06:14.722494+00,,,UUT MURUNG,,,6213,
6271010,2020-12-16 00:06:14.724731+00,2020-12-16 00:06:14.724744+00,,,PAHANDUT,,,6271,
6271011,2020-12-16 00:06:14.728487+00,2020-12-16 00:06:14.728535+00,,,SABANGAU,,,6271,
6271012,2020-12-16 00:06:14.732542+00,2020-12-16 00:06:14.732589+00,,,JEKAN RAYA,,,6271,
6271020,2020-12-16 00:06:14.736207+00,2020-12-16 00:06:14.736222+00,,,BUKIT BATU,,,6271,
6271021,2020-12-16 00:06:14.738903+00,2020-12-16 00:06:14.738917+00,,,RAKUMPIT,,,6271,
6301010,2020-12-16 00:06:14.741676+00,2020-12-16 00:06:14.741692+00,,,PANYIPATAN,,,6301,
6301020,2020-12-16 00:06:14.744532+00,2020-12-16 00:06:14.744549+00,,,TAKISUNG,,,6301,
6301030,2020-12-16 00:06:14.747495+00,2020-12-16 00:06:14.747513+00,,,KURAU,,,6301,
6301031,2020-12-16 00:06:14.750374+00,2020-12-16 00:06:14.750401+00,,,BUMI MAKMUR,,,6301,
6301040,2020-12-16 00:06:14.753237+00,2020-12-16 00:06:14.753264+00,,,BATI - BATI,,,6301,
6301050,2020-12-16 00:06:14.756033+00,2020-12-16 00:06:14.756059+00,,,TAMBANG ULANG,,,6301,
6301060,2020-12-16 00:06:14.758714+00,2020-12-16 00:06:14.758732+00,,,PELAIHARI,,,6301,
6301061,2020-12-16 00:06:14.760649+00,2020-12-16 00:06:14.760663+00,,,BAJUIN,,,6301,
6301070,2020-12-16 00:06:14.762422+00,2020-12-16 00:06:14.762435+00,,,BATU AMPAR,,,6301,
6301080,2020-12-16 00:06:14.774139+00,2020-12-16 00:06:14.774159+00,,,JORONG,,,6301,
6301090,2020-12-16 00:06:14.784006+00,2020-12-16 00:06:14.784038+00,,,KINTAP,,,6301,
6302010,2020-12-16 00:06:14.789456+00,2020-12-16 00:06:14.789488+00,,,PULAU SEMBILAN,,,6302,
6302020,2020-12-16 00:06:14.792897+00,2020-12-16 00:06:14.792924+00,,,PULAU LAUT BARAT,,,6302,
6302021,2020-12-16 00:06:14.805147+00,2020-12-16 00:06:14.805175+00,,,PULAU LAUT TANJUNG SELAYAR,,,6302,
6302030,2020-12-16 00:06:14.816481+00,2020-12-16 00:06:14.816516+00,,,PULAU LAUT SELATAN,,,6302,
6302031,2020-12-16 00:06:14.821389+00,2020-12-16 00:06:14.82143+00,,,PULAU LAUT KEPULAUAN,,,6302,
6302040,2020-12-16 00:06:14.834778+00,2020-12-16 00:06:14.834814+00,,,PULAU LAUT TIMUR,,,6302,
6302050,2020-12-16 00:06:14.84628+00,2020-12-16 00:06:14.84632+00,,,PULAU SEBUKU,,,6302,
6302060,2020-12-16 00:06:14.851185+00,2020-12-16 00:06:14.851286+00,,,PULAU LAUT UTARA,,,6302,
6302061,2020-12-16 00:06:14.864442+00,2020-12-16 00:06:14.864474+00,,,PULAU LAUT TENGAH,,,6302,
6302120,2020-12-16 00:06:14.875742+00,2020-12-16 00:06:14.87578+00,,,KELUMPANG SELATAN,,,6302,
6302121,2020-12-16 00:06:14.887175+00,2020-12-16 00:06:14.887254+00,,,KELUMPANG HILIR,,,6302,
6302130,2020-12-16 00:06:14.892186+00,2020-12-16 00:06:14.892232+00,,,KELUMPANG HULU,,,6302,
6302140,2020-12-16 00:06:14.905758+00,2020-12-16 00:06:14.905797+00,,,HAMPANG,,,6302,
6302150,2020-12-16 00:06:14.9174+00,2020-12-16 00:06:14.917435+00,,,SUNGAI DURIAN,,,6302,
6302160,2020-12-16 00:06:14.921623+00,2020-12-16 00:06:14.921657+00,,,KELUMPANG TENGAH,,,6302,
6302161,2020-12-16 00:06:14.935978+00,2020-12-16 00:06:14.936011+00,,,KELUMPANG BARAT,,,6302,
6302170,2020-12-16 00:06:14.94148+00,2020-12-16 00:06:14.941512+00,,,KELUMPANG UTARA,,,6302,
6302180,2020-12-16 00:06:14.955084+00,2020-12-16 00:06:14.955119+00,,,PAMUKAN SELATAN,,,6302,
6302190,2020-12-16 00:06:14.96686+00,2020-12-16 00:06:14.966903+00,,,SAMPANAHAN,,,6302,
6302200,2020-12-16 00:06:14.971806+00,2020-12-16 00:06:14.97185+00,,,PAMUKAN UTARA,,,6302,
6302201,2020-12-16 00:06:14.98372+00,2020-12-16 00:06:14.983748+00,,,PAMUKAN BARAT,,,6302,
6303010,2020-12-16 00:06:14.995846+00,2020-12-16 00:06:14.995888+00,,,ALUH - ALUH,,,6303,
6303011,2020-12-16 00:06:15.007604+00,2020-12-16 00:06:15.007637+00,,,BERUNTUNG BARU,,,6303,
6303020,2020-12-16 00:06:15.012095+00,2020-12-16 00:06:15.012137+00,,,GAMBUT,,,6303,
6303030,2020-12-16 00:06:15.015898+00,2020-12-16 00:06:15.015934+00,,,KERTAK HANYAR,,,6303,
6303031,2020-12-16 00:06:15.019532+00,2020-12-16 00:06:15.019565+00,,,TATAH MAKMUR,,,6303,
6303040,2020-12-16 00:06:15.023025+00,2020-12-16 00:06:15.02304+00,,,SUNGAI TABUK,,,6303,
6303050,2020-12-16 00:06:15.025601+00,2020-12-16 00:06:15.025614+00,,,MARTAPURA,,,6303,
6303051,2020-12-16 00:06:15.028126+00,2020-12-16 00:06:15.028139+00,,,MARTAPURA TIMUR,,,6303,
6303052,2020-12-16 00:06:15.030853+00,2020-12-16 00:06:15.030867+00,,,MARTAPURA BARAT,,,6303,
6303060,2020-12-16 00:06:15.033597+00,2020-12-16 00:06:15.03361+00,,,ASTAMBUL,,,6303,
6303070,2020-12-16 00:06:15.03634+00,2020-12-16 00:06:15.036354+00,,,KARANG INTAN,,,6303,
6303080,2020-12-16 00:06:15.039109+00,2020-12-16 00:06:15.039123+00,,,ARANIO,,,6303,
6303090,2020-12-16 00:06:15.041639+00,2020-12-16 00:06:15.041652+00,,,SUNGAI PINANG,,,6303,
6303091,2020-12-16 00:06:15.044647+00,2020-12-16 00:06:15.044669+00,,,PARAMASAN,,,6303,
6303100,2020-12-16 00:06:15.047615+00,2020-12-16 00:06:15.047636+00,,,PENGARON,,,6303,
6303101,2020-12-16 00:06:15.050272+00,2020-12-16 00:06:15.050292+00,,,SAMBUNG MAKMUR,,,6303,
6303110,2020-12-16 00:06:15.053033+00,2020-12-16 00:06:15.053053+00,,,MATARAMAN,,,6303,
6303120,2020-12-16 00:06:15.056059+00,2020-12-16 00:06:15.056082+00,,,SIMPANG EMPAT,,,6303,
6303121,2020-12-16 00:06:15.058959+00,2020-12-16 00:06:15.058982+00,,,TELAGA BAUNTUNG,,,6303,
6304010,2020-12-16 00:06:15.062141+00,2020-12-16 00:06:15.062164+00,,,TABUNGANEN,,,6304,
6304020,2020-12-16 00:06:15.065166+00,2020-12-16 00:06:15.065188+00,,,TAMBAN,,,6304,
6304030,2020-12-16 00:06:15.068369+00,2020-12-16 00:06:15.068395+00,,,MEKAR SARI,,,6304,
6304040,2020-12-16 00:06:15.071696+00,2020-12-16 00:06:15.071721+00,,,ANJIR PASAR,,,6304,
6304050,2020-12-16 00:06:15.074574+00,2020-12-16 00:06:15.074596+00,,,ANJIR MUARA,,,6304,
6304060,2020-12-16 00:06:15.077488+00,2020-12-16 00:06:15.077511+00,,,ALALAK,,,6304,
6304070,2020-12-16 00:06:15.080171+00,2020-12-16 00:06:15.080185+00,,,MANDASTANA,,,6304,
6304071,2020-12-16 00:06:15.082848+00,2020-12-16 00:06:15.082862+00,,,JEJANGKIT,,,6304,
6304080,2020-12-16 00:06:15.085565+00,2020-12-16 00:06:15.085579+00,,,BELAWANG,,,6304,
6304090,2020-12-16 00:06:15.088338+00,2020-12-16 00:06:15.088351+00,,,WANARAYA,,,6304,
6304100,2020-12-16 00:06:15.092555+00,2020-12-16 00:06:15.092602+00,,,BARAMBAI,,,6304,
6304110,2020-12-16 00:06:15.096989+00,2020-12-16 00:06:15.097037+00,,,RANTAU BADAUH,,,6304,
6304120,2020-12-16 00:06:15.10232+00,2020-12-16 00:06:15.102394+00,,,CERBON,,,6304,
6304130,2020-12-16 00:06:15.107035+00,2020-12-16 00:06:15.107081+00,,,BAKUMPAI,,,6304,
6304140,2020-12-16 00:06:15.11139+00,2020-12-16 00:06:15.111406+00,,,MARABAHAN,,,6304,
6304150,2020-12-16 00:06:15.114528+00,2020-12-16 00:06:15.114543+00,,,TABUKAN,,,6304,
6304160,2020-12-16 00:06:15.117556+00,2020-12-16 00:06:15.117571+00,,,KURIPAN,,,6304,
6305010,2020-12-16 00:06:15.120398+00,2020-12-16 00:06:15.120413+00,,,BINUANG,,,6305,
6305011,2020-12-16 00:06:15.123147+00,2020-12-16 00:06:15.123162+00,,,HATUNGUN,,,6305,
6305020,2020-12-16 00:06:15.125955+00,2020-12-16 00:06:15.12597+00,,,TAPIN SELATAN,,,6305,
6305021,2020-12-16 00:06:15.128764+00,2020-12-16 00:06:15.128779+00,,,SALAM BABARIS,,,6305,
6305030,2020-12-16 00:06:15.131633+00,2020-12-16 00:06:15.131649+00,,,TAPIN TENGAH,,,6305,
6305040,2020-12-16 00:06:15.134592+00,2020-12-16 00:06:15.134607+00,,,BUNGUR,,,6305,
6305050,2020-12-16 00:06:15.137385+00,2020-12-16 00:06:15.1374+00,,,PIANI,,,6305,
6305060,2020-12-16 00:06:15.140301+00,2020-12-16 00:06:15.140317+00,,,LOKPAIKAT,,,6305,
6305070,2020-12-16 00:06:15.143376+00,2020-12-16 00:06:15.14339+00,,,TAPIN UTARA,,,6305,
6305080,2020-12-16 00:06:15.146535+00,2020-12-16 00:06:15.14655+00,,,BAKARANGAN,,,6305,
6305090,2020-12-16 00:06:15.149334+00,2020-12-16 00:06:15.149349+00,,,CANDI LARAS SELATAN,,,6305,
6305100,2020-12-16 00:06:15.152169+00,2020-12-16 00:06:15.152184+00,,,CANDI LARAS UTARA,,,6305,
6306010,2020-12-16 00:06:15.154984+00,2020-12-16 00:06:15.154999+00,,,PADANG BATUNG,,,6306,
6306020,2020-12-16 00:06:15.15765+00,2020-12-16 00:06:15.157665+00,,,LOKSADO,,,6306,
6306030,2020-12-16 00:06:15.160712+00,2020-12-16 00:06:15.160736+00,,,TELAGA LANGSAT,,,6306,
6306040,2020-12-16 00:06:15.164046+00,2020-12-16 00:06:15.164069+00,,,ANGKINANG,,,6306,
6306050,2020-12-16 00:06:15.167391+00,2020-12-16 00:06:15.167415+00,,,KANDANGAN,,,6306,
6306060,2020-12-16 00:06:15.170906+00,2020-12-16 00:06:15.17093+00,,,SUNGAI RAYA,,,6306,
6306070,2020-12-16 00:06:15.174318+00,2020-12-16 00:06:15.174342+00,,,SIMPUR,,,6306,
6306080,2020-12-16 00:06:15.177948+00,2020-12-16 00:06:15.177973+00,,,KALUMPANG,,,6306,
6306090,2020-12-16 00:06:15.181376+00,2020-12-16 00:06:15.181401+00,,,DAHA SELATAN,,,6306,
6306091,2020-12-16 00:06:15.185347+00,2020-12-16 00:06:15.185372+00,,,DAHA BARAT,,,6306,
6306100,2020-12-16 00:06:15.189033+00,2020-12-16 00:06:15.189059+00,,,DAHA UTARA,,,6306,
6307010,2020-12-16 00:06:15.192899+00,2020-12-16 00:06:15.192928+00,,,HARUYAN,,,6307,
6307020,2020-12-16 00:06:15.196628+00,2020-12-16 00:06:15.196659+00,,,BATU BENAWA,,,6307,
6307030,2020-12-16 00:06:15.200254+00,2020-12-16 00:06:15.200283+00,,,HANTAKAN,,,6307,
6307040,2020-12-16 00:06:15.203635+00,2020-12-16 00:06:15.203657+00,,,BATANG ALAI SELATAN,,,6307,
6307041,2020-12-16 00:06:15.207024+00,2020-12-16 00:06:15.207054+00,,,BATANG ALAI TIMUR,,,6307,
6307050,2020-12-16 00:06:15.210288+00,2020-12-16 00:06:15.210306+00,,,BARABAI,,,6307,
6307060,2020-12-16 00:06:15.214114+00,2020-12-16 00:06:15.214153+00,,,LABUAN AMAS SELATAN,,,6307,
6307070,2020-12-16 00:06:15.217592+00,2020-12-16 00:06:15.217619+00,,,LABUAN AMAS UTARA,,,6307,
6307080,2020-12-16 00:06:15.220404+00,2020-12-16 00:06:15.220431+00,,,PANDAWAN,,,6307,
6307090,2020-12-16 00:06:15.223814+00,2020-12-16 00:06:15.223856+00,,,BATANG ALAI UTARA,,,6307,
6307091,2020-12-16 00:06:15.226946+00,2020-12-16 00:06:15.226988+00,,,LIMPASU,,,6307,
6308010,2020-12-16 00:06:15.22968+00,2020-12-16 00:06:15.229695+00,,,DANAU PANGGANG,,,6308,
6308011,2020-12-16 00:06:15.231524+00,2020-12-16 00:06:15.231538+00,,,PAMINGGIR,,,6308,
6308020,2020-12-16 00:06:15.233412+00,2020-12-16 00:06:15.233424+00,,,BABIRIK,,,6308,
6308030,2020-12-16 00:06:15.235149+00,2020-12-16 00:06:15.235161+00,,,SUNGAI PANDAN,,,6308,
6308031,2020-12-16 00:06:15.237856+00,2020-12-16 00:06:15.237871+00,,,SUNGAI TABUKAN,,,6308,
6308040,2020-12-16 00:06:15.240781+00,2020-12-16 00:06:15.240807+00,,,AMUNTAI SELATAN,,,6308,
6308050,2020-12-16 00:06:15.244316+00,2020-12-16 00:06:15.244343+00,,,AMUNTAI TENGAH,,,6308,
6308060,2020-12-16 00:06:15.247703+00,2020-12-16 00:06:15.247731+00,,,BANJANG,,,6308,
6308070,2020-12-16 00:06:15.250935+00,2020-12-16 00:06:15.250951+00,,,AMUNTAI UTARA,,,6308,
6308071,2020-12-16 00:06:15.253745+00,2020-12-16 00:06:15.253759+00,,,HAUR GADING,,,6308,
6309010,2020-12-16 00:06:15.256415+00,2020-12-16 00:06:15.25643+00,,,BANUA LAWAS,,,6309,
6309020,2020-12-16 00:06:15.258947+00,2020-12-16 00:06:15.258962+00,,,PUGAAN,,,6309,
6309030,2020-12-16 00:06:15.261434+00,2020-12-16 00:06:15.261449+00,,,KELUA,,,6309,
6309040,2020-12-16 00:06:15.264156+00,2020-12-16 00:06:15.26417+00,,,MUARA HARUS,,,6309,
6309050,2020-12-16 00:06:15.266656+00,2020-12-16 00:06:15.266671+00,,,TANTA,,,6309,
6309060,2020-12-16 00:06:15.269045+00,2020-12-16 00:06:15.26906+00,,,TANJUNG,,,6309,
6309070,2020-12-16 00:06:15.271452+00,2020-12-16 00:06:15.271465+00,,,MURUNG PUDAK,,,6309,
6309080,2020-12-16 00:06:15.27395+00,2020-12-16 00:06:15.273965+00,,,HARUAI,,,6309,
6309081,2020-12-16 00:06:15.276563+00,2020-12-16 00:06:15.276578+00,,,BINTANG ARA,,,6309,
6309090,2020-12-16 00:06:15.278988+00,2020-12-16 00:06:15.279002+00,,,UPAU,,,6309,
6309100,2020-12-16 00:06:15.281436+00,2020-12-16 00:06:15.281451+00,,,MUARA UYA,,,6309,
6309110,2020-12-16 00:06:15.284018+00,2020-12-16 00:06:15.284033+00,,,JARO,,,6309,
6310010,2020-12-16 00:06:15.286491+00,2020-12-16 00:06:15.286506+00,,,KUSAN HILIR,,,6310,
6310020,2020-12-16 00:06:15.289117+00,2020-12-16 00:06:15.289133+00,,,SUNGAI LOBAN,,,6310,
6310030,2020-12-16 00:06:15.291679+00,2020-12-16 00:06:15.291693+00,,,SATUI,,,6310,
6310031,2020-12-16 00:06:15.294168+00,2020-12-16 00:06:15.294182+00,,,ANGSANA,,,6310,
6310040,2020-12-16 00:06:15.296751+00,2020-12-16 00:06:15.296764+00,,,KUSAN HULU,,,6310,
6310041,2020-12-16 00:06:15.29967+00,2020-12-16 00:06:15.299684+00,,,KURANJI,,,6310,
6310050,2020-12-16 00:06:15.302174+00,2020-12-16 00:06:15.302188+00,,,BATU LICIN,,,6310,
6310051,2020-12-16 00:06:15.304632+00,2020-12-16 00:06:15.304645+00,,,KARANG BINTANG,,,6310,
6310052,2020-12-16 00:06:15.306999+00,2020-12-16 00:06:15.307012+00,,,SIMPANG EMPAT,,,6310,
6310053,2020-12-16 00:06:15.310052+00,2020-12-16 00:06:15.310072+00,,,MANTEWE,,,6310,
6311010,2020-12-16 00:06:15.313456+00,2020-12-16 00:06:15.313474+00,,,LAMPIHONG,,,6311,
6311020,2020-12-16 00:06:15.31627+00,2020-12-16 00:06:15.316286+00,,,BATU MANDI,,,6311,
6311030,2020-12-16 00:06:15.318666+00,2020-12-16 00:06:15.318679+00,,,AWAYAN,,,6311,
6311031,2020-12-16 00:06:15.325356+00,2020-12-16 00:06:15.325382+00,,,TEBING TINGGI,,,6311,
6311040,2020-12-16 00:06:15.33005+00,2020-12-16 00:06:15.330079+00,,,PARINGIN,,,6311,
6311041,2020-12-16 00:06:15.333446+00,2020-12-16 00:06:15.333475+00,,,PARINGIN SELATAN,,,6311,
6311050,2020-12-16 00:06:15.337053+00,2020-12-16 00:06:15.337082+00,,,JUAI,,,6311,
6311060,2020-12-16 00:06:15.340575+00,2020-12-16 00:06:15.340588+00,,,HALONG,,,6311,
6371010,2020-12-16 00:06:15.343253+00,2020-12-16 00:06:15.343267+00,,,BANJARMASIN SELATAN,,,6371,
6371020,2020-12-16 00:06:15.345858+00,2020-12-16 00:06:15.345871+00,,,BANJARMASIN TIMUR,,,6371,
6371030,2020-12-16 00:06:15.348346+00,2020-12-16 00:06:15.348359+00,,,BANJARMASIN BARAT,,,6371,
6371031,2020-12-16 00:06:15.350609+00,2020-12-16 00:06:15.350621+00,,,BANJARMASIN TENGAH,,,6371,
6371040,2020-12-16 00:06:15.352913+00,2020-12-16 00:06:15.352926+00,,,BANJARMASIN UTARA,,,6371,
6372010,2020-12-16 00:06:15.355334+00,2020-12-16 00:06:15.355348+00,,,LANDASAN ULIN,,,6372,
6372011,2020-12-16 00:06:15.357606+00,2020-12-16 00:06:15.35762+00,,,LIANG ANGGANG,,,6372,
6372020,2020-12-16 00:06:15.359732+00,2020-12-16 00:06:15.359746+00,,,CEMPAKA,,,6372,
6372031,2020-12-16 00:06:15.361595+00,2020-12-16 00:06:15.361608+00,,,BANJAR BARU UTARA,,,6372,
6372032,2020-12-16 00:06:15.363378+00,2020-12-16 00:06:15.363392+00,,,BANJAR BARU SELATAN,,,6372,
6401010,2020-12-16 00:06:15.365417+00,2020-12-16 00:06:15.365431+00,,,BATU SOPANG,,,6401,
6401011,2020-12-16 00:06:15.367319+00,2020-12-16 00:06:15.367331+00,,,MUARA SAMU,,,6401,
6401021,2020-12-16 00:06:15.36905+00,2020-12-16 00:06:15.369062+00,,,BATU ENGAU,,,6401,
6401022,2020-12-16 00:06:15.370674+00,2020-12-16 00:06:15.370686+00,,,TANJUNG HARAPAN,,,6401,
6401030,2020-12-16 00:06:15.372718+00,2020-12-16 00:06:15.372734+00,,,PASIR BELENGKONG,,,6401,
6401040,2020-12-16 00:06:15.375182+00,2020-12-16 00:06:15.375195+00,,,TANAH GROGOT,,,6401,
6401050,2020-12-16 00:06:15.377587+00,2020-12-16 00:06:15.377602+00,,,KUARO,,,6401,
6401060,2020-12-16 00:06:15.380177+00,2020-12-16 00:06:15.380193+00,,,LONG IKIS,,,6401,
6401070,2020-12-16 00:06:15.382668+00,2020-12-16 00:06:15.382682+00,,,MUARA KOMAM,,,6401,
6401080,2020-12-16 00:06:15.385361+00,2020-12-16 00:06:15.385376+00,,,LONG KALI,,,6401,
6402010,2020-12-16 00:06:15.388347+00,2020-12-16 00:06:15.388362+00,,,BONGAN,,,6402,
6402020,2020-12-16 00:06:15.390994+00,2020-12-16 00:06:15.391009+00,,,JEMPANG,,,6402,
6402030,2020-12-16 00:06:15.393662+00,2020-12-16 00:06:15.393677+00,,,PENYINGGAHAN,,,6402,
6402040,2020-12-16 00:06:15.396337+00,2020-12-16 00:06:15.396352+00,,,MUARA PAHU,,,6402,
6402041,2020-12-16 00:06:15.398765+00,2020-12-16 00:06:15.398779+00,,,SILUQ NGURAI,,,6402,
6402050,2020-12-16 00:06:15.401466+00,2020-12-16 00:06:15.401481+00,,,MUARA LAWA,,,6402,
6402051,2020-12-16 00:06:15.404035+00,2020-12-16 00:06:15.40405+00,,,BENTIAN BESAR,,,6402,
6402060,2020-12-16 00:06:15.406716+00,2020-12-16 00:06:15.406731+00,,,DAMAI,,,6402,
6402061,2020-12-16 00:06:15.409461+00,2020-12-16 00:06:15.409476+00,,,NYUATAN,,,6402,
6402070,2020-12-16 00:06:15.411892+00,2020-12-16 00:06:15.411908+00,,,BARONG TONGKOK,,,6402,
6402071,2020-12-16 00:06:15.414218+00,2020-12-16 00:06:15.414258+00,,,LINGGANG BIGUNG,,,6402,
6402080,2020-12-16 00:06:15.417952+00,2020-12-16 00:06:15.41798+00,,,MELAK,,,6402,
6402081,2020-12-16 00:06:15.42108+00,2020-12-16 00:06:15.421106+00,,,SEKOLAQ DARAT,,,6402,
6402082,2020-12-16 00:06:15.424405+00,2020-12-16 00:06:15.424432+00,,,MANOR BULATN,,,6402,
6402090,2020-12-16 00:06:15.427811+00,2020-12-16 00:06:15.427838+00,,,LONG IRAM,,,6402,
6402091,2020-12-16 00:06:15.431106+00,2020-12-16 00:06:15.431133+00,,,TERING,,,6402,
6403010,2020-12-16 00:06:15.434182+00,2020-12-16 00:06:15.434196+00,,,SEMBOJA,,,6403,
6403020,2020-12-16 00:06:15.436594+00,2020-12-16 00:06:15.436608+00,,,MUARA JAWA,,,6403,
6403030,2020-12-16 00:06:15.439018+00,2020-12-16 00:06:15.439034+00,,,SANGA-SANGA,,,6403,
6403040,2020-12-16 00:06:15.441369+00,2020-12-16 00:06:15.441384+00,,,LOA JANAN,,,6403,
6403050,2020-12-16 00:06:15.443501+00,2020-12-16 00:06:15.443516+00,,,LOA KULU,,,6403,
6403060,2020-12-16 00:06:15.445752+00,2020-12-16 00:06:15.445766+00,,,MUARA MUNTAI,,,6403,
6403070,2020-12-16 00:06:15.44783+00,2020-12-16 00:06:15.447844+00,,,MUARA WIS,,,6403,
6403080,2020-12-16 00:06:15.449906+00,2020-12-16 00:06:15.44992+00,,,KOTABANGUN,,,6403,
6403090,2020-12-16 00:06:15.451922+00,2020-12-16 00:06:15.451936+00,,,TENGGARONG,,,6403,
6403100,2020-12-16 00:06:15.454001+00,2020-12-16 00:06:15.454016+00,,,SEBULU,,,6403,
6403110,2020-12-16 00:06:15.455978+00,2020-12-16 00:06:15.455992+00,,,TENGGARONG SEBERANG,,,6403,
6403120,2020-12-16 00:06:15.457989+00,2020-12-16 00:06:15.458004+00,,,ANGGANA,,,6403,
6403130,2020-12-16 00:06:15.459997+00,2020-12-16 00:06:15.460011+00,,,MUARA BADAK,,,6403,
6403140,2020-12-16 00:06:15.461999+00,2020-12-16 00:06:15.462013+00,,,MARANG KAYU,,,6403,
6403150,2020-12-16 00:06:15.464221+00,2020-12-16 00:06:15.464236+00,,,MUARA KAMAN,,,6403,
6403160,2020-12-16 00:06:15.466482+00,2020-12-16 00:06:15.466496+00,,,KENOHAN,,,6403,
6403170,2020-12-16 00:06:15.468853+00,2020-12-16 00:06:15.468867+00,,,KEMBANG JANGGUT,,,6403,
6403180,2020-12-16 00:06:15.471066+00,2020-12-16 00:06:15.47108+00,,,TABANG,,,6403,
6404010,2020-12-16 00:06:15.473251+00,2020-12-16 00:06:15.473268+00,,,MUARA ANCALONG,,,6404,
6404011,2020-12-16 00:06:15.475764+00,2020-12-16 00:06:15.475779+00,,,BUSANG,,,6404,
6404012,2020-12-16 00:06:15.478481+00,2020-12-16 00:06:15.478496+00,,,LONG MESANGAT,,,6404,
6404020,2020-12-16 00:06:15.481197+00,2020-12-16 00:06:15.481212+00,,,MUARA WAHAU,,,6404,
6404021,2020-12-16 00:06:15.483925+00,2020-12-16 00:06:15.48394+00,,,TELEN,,,6404,
6404022,2020-12-16 00:06:15.486729+00,2020-12-16 00:06:15.486744+00,,,KONGBENG,,,6404,
6404030,2020-12-16 00:06:15.489217+00,2020-12-16 00:06:15.489231+00,,,MUARA BENGKAL,,,6404,
6404031,2020-12-16 00:06:15.491879+00,2020-12-16 00:06:15.491894+00,,,BATU AMPAR,,,6404,
6404040,2020-12-16 00:06:15.494366+00,2020-12-16 00:06:15.494381+00,,,SANGATTA UTARA,,,6404,
6404041,2020-12-16 00:06:15.496795+00,2020-12-16 00:06:15.496809+00,,,BENGALON,,,6404,
6404042,2020-12-16 00:06:15.49905+00,2020-12-16 00:06:15.499064+00,,,TELUK PANDAN,,,6404,
6404043,2020-12-16 00:06:15.501469+00,2020-12-16 00:06:15.501482+00,,,SANGATTA SELATAN,,,6404,
6404044,2020-12-16 00:06:15.503847+00,2020-12-16 00:06:15.503861+00,,,RANTAU PULUNG,,,6404,
6404050,2020-12-16 00:06:15.5063+00,2020-12-16 00:06:15.506314+00,,,SANGKULIRANG,,,6404,
6404051,2020-12-16 00:06:15.508888+00,2020-12-16 00:06:15.508903+00,,,KALIORANG,,,6404,
6404052,2020-12-16 00:06:15.511166+00,2020-12-16 00:06:15.511179+00,,,SANDARAN,,,6404,
6404053,2020-12-16 00:06:15.513588+00,2020-12-16 00:06:15.513603+00,,,KAUBUN,,,6404,
6404054,2020-12-16 00:06:15.516704+00,2020-12-16 00:06:15.516732+00,,,KARANGAN,,,6404,
6405010,2020-12-16 00:06:15.520007+00,2020-12-16 00:06:15.520044+00,,,KELAY,,,6405,
6405020,2020-12-16 00:06:15.523779+00,2020-12-16 00:06:15.523794+00,,,TALISAYAN,,,6405,
6405021,2020-12-16 00:06:15.526456+00,2020-12-16 00:06:15.526471+00,,,TABALAR,,,6405,
6405030,2020-12-16 00:06:15.529041+00,2020-12-16 00:06:15.529056+00,,,BIDUK BIDUK,,,6405,
6405040,2020-12-16 00:06:15.531561+00,2020-12-16 00:06:15.531576+00,,,PULAU DERAWAN,,,6405,
6405041,2020-12-16 00:06:15.534006+00,2020-12-16 00:06:15.534021+00,,,MARATUA,,,6405,
6405050,2020-12-16 00:06:15.536441+00,2020-12-16 00:06:15.536455+00,,,SAMBALIUNG,,,6405,
6405060,2020-12-16 00:06:15.538853+00,2020-12-16 00:06:15.538868+00,,,TANJUNG REDEB,,,6405,
6405070,2020-12-16 00:06:15.541719+00,2020-12-16 00:06:15.541734+00,,,GUNUNG TABUR,,,6405,
6405080,2020-12-16 00:06:15.544583+00,2020-12-16 00:06:15.544598+00,,,SEGAH,,,6405,
6405090,2020-12-16 00:06:15.547521+00,2020-12-16 00:06:15.547537+00,,,TELUK BAYUR,,,6405,
6405100,2020-12-16 00:06:15.550528+00,2020-12-16 00:06:15.550543+00,,,BATU PUTIH,,,6405,
6405110,2020-12-16 00:06:15.553198+00,2020-12-16 00:06:15.553213+00,,,BIATAN,,,6405,
6409010,2020-12-16 00:06:15.555856+00,2020-12-16 00:06:15.555871+00,,,BABULU,,,6409,
6409020,2020-12-16 00:06:15.558311+00,2020-12-16 00:06:15.558325+00,,,WARU,,,6409,
6409030,2020-12-16 00:06:15.560782+00,2020-12-16 00:06:15.560797+00,,,PENAJAM,,,6409,
6409040,2020-12-16 00:06:15.563361+00,2020-12-16 00:06:15.563376+00,,,SEPAKU,,,6409,
6411010,2020-12-16 00:06:15.566145+00,2020-12-16 00:06:15.56616+00,,,LAHAM,,,6411,
6411020,2020-12-16 00:06:15.568763+00,2020-12-16 00:06:15.568777+00,,,LONG HUBUNG,,,6411,
6411030,2020-12-16 00:06:15.571343+00,2020-12-16 00:06:15.571358+00,,,LONG BAGUN,,,6411,
6411040,2020-12-16 00:06:15.573831+00,2020-12-16 00:06:15.573846+00,,,LONG PAHANGAI,,,6411,
6411050,2020-12-16 00:06:15.576201+00,2020-12-16 00:06:15.576215+00,,,LONG APARI,,,6411,
6471010,2020-12-16 00:06:15.578532+00,2020-12-16 00:06:15.578546+00,,,BALIKPAPAN SELATAN,,,6471,
6471011,2020-12-16 00:06:15.581197+00,2020-12-16 00:06:15.581211+00,,,BALIKPAPAN KOTA,,,6471,
6471020,2020-12-16 00:06:15.583935+00,2020-12-16 00:06:15.58395+00,,,BALIKPAPAN TIMUR,,,6471,
6471030,2020-12-16 00:06:15.586725+00,2020-12-16 00:06:15.58674+00,,,BALIKPAPAN UTARA,,,6471,
6471040,2020-12-16 00:06:15.589371+00,2020-12-16 00:06:15.589386+00,,,BALIKPAPAN TENGAH,,,6471,
6471050,2020-12-16 00:06:15.591752+00,2020-12-16 00:06:15.591767+00,,,BALIKPAPAN BARAT,,,6471,
6472010,2020-12-16 00:06:15.594258+00,2020-12-16 00:06:15.594272+00,,,PALARAN,,,6472,
6472020,2020-12-16 00:06:15.596837+00,2020-12-16 00:06:15.596851+00,,,SAMARINDA ILIR,,,6472,
6472021,2020-12-16 00:06:15.599629+00,2020-12-16 00:06:15.599644+00,,,SAMARINDA KOTA,,,6472,
6472022,2020-12-16 00:06:15.60225+00,2020-12-16 00:06:15.602266+00,,,SAMBUTAN,,,6472,
6472030,2020-12-16 00:06:15.60467+00,2020-12-16 00:06:15.604684+00,,,SAMARINDA SEBERANG,,,6472,
6472031,2020-12-16 00:06:15.607893+00,2020-12-16 00:06:15.607909+00,,,LOA JANAN ILIR,,,6472,
6472040,2020-12-16 00:06:15.610308+00,2020-12-16 00:06:15.610322+00,,,SUNGAI KUNJANG,,,6472,
6472050,2020-12-16 00:06:15.612577+00,2020-12-16 00:06:15.612591+00,,,SAMARINDA ULU,,,6472,
6472060,2020-12-16 00:06:15.614918+00,2020-12-16 00:06:15.614932+00,,,SAMARINDA UTARA,,,6472,
6472061,2020-12-16 00:06:15.617338+00,2020-12-16 00:06:15.617353+00,,,SUNGAI PINANG,,,6472,
6474010,2020-12-16 00:06:15.620247+00,2020-12-16 00:06:15.620266+00,,,BONTANG SELATAN,,,6474,
6474020,2020-12-16 00:06:15.623138+00,2020-12-16 00:06:15.623155+00,,,BONTANG UTARA,,,6474,
6474030,2020-12-16 00:06:15.625776+00,2020-12-16 00:06:15.625792+00,,,BONTANG BARAT,,,6474,
6501010,2020-12-16 00:06:15.628197+00,2020-12-16 00:06:15.628211+00,,,SUNGAI BOH,,,6501,
6501020,2020-12-16 00:06:15.63049+00,2020-12-16 00:06:15.630505+00,,,KAYAN SELATAN,,,6501,
6501030,2020-12-16 00:06:15.633242+00,2020-12-16 00:06:15.633257+00,,,KAYAN HULU,,,6501,
6501040,2020-12-16 00:06:15.635745+00,2020-12-16 00:06:15.635759+00,,,KAYAN HILIR,,,6501,
6501050,2020-12-16 00:06:15.638224+00,2020-12-16 00:06:15.638238+00,,,PUJUNGAN,,,6501,
6501060,2020-12-16 00:06:15.640792+00,2020-12-16 00:06:15.640807+00,,,BAHAU HULU,,,6501,
6501070,2020-12-16 00:06:15.643588+00,2020-12-16 00:06:15.643603+00,,,SUNGAI TUBU,,,6501,
6501080,2020-12-16 00:06:15.646683+00,2020-12-16 00:06:15.646698+00,,,MALINAU SELATAN HULU,,,6501,
6501090,2020-12-16 00:06:15.649324+00,2020-12-16 00:06:15.649339+00,,,MALINAU SELATAN,,,6501,
6501100,2020-12-16 00:06:15.652061+00,2020-12-16 00:06:15.652076+00,,,MALINAU SELATAN HILIR,,,6501,
6501110,2020-12-16 00:06:15.654515+00,2020-12-16 00:06:15.654529+00,,,MENTARANG,,,6501,
6501120,2020-12-16 00:06:15.656945+00,2020-12-16 00:06:15.656959+00,,,MENTARANG HULU,,,6501,
6501130,2020-12-16 00:06:15.659404+00,2020-12-16 00:06:15.659419+00,,,MALINAU UTARA,,,6501,
6501140,2020-12-16 00:06:15.661987+00,2020-12-16 00:06:15.662001+00,,,MALINAU BARAT,,,6501,
6501150,2020-12-16 00:06:15.664506+00,2020-12-16 00:06:15.664521+00,,,MALINAU KOTA,,,6501,
6502010,2020-12-16 00:06:15.667181+00,2020-12-16 00:06:15.667196+00,,,PESO,,,6502,
6502020,2020-12-16 00:06:15.669687+00,2020-12-16 00:06:15.669701+00,,,PESO HILIR,,,6502,
6502030,2020-12-16 00:06:15.672106+00,2020-12-16 00:06:15.672121+00,,,TANJUNG PALAS BARAT,,,6502,
6502040,2020-12-16 00:06:15.67457+00,2020-12-16 00:06:15.674584+00,,,TANJUNG PALAS,,,6502,
6502050,2020-12-16 00:06:15.677191+00,2020-12-16 00:06:15.677206+00,,,TANJUNG SELOR,,,6502,
6502060,2020-12-16 00:06:15.67991+00,2020-12-16 00:06:15.679925+00,,,TANJUNG PALAS TIMUR,,,6502,
6502070,2020-12-16 00:06:15.682492+00,2020-12-16 00:06:15.682507+00,,,TANJUNG PALAS TENGAH,,,6502,
6502080,2020-12-16 00:06:15.685209+00,2020-12-16 00:06:15.685224+00,,,TANJUNG PALAS UTARA,,,6502,
6502090,2020-12-16 00:06:15.68807+00,2020-12-16 00:06:15.688085+00,,,SEKATAK,,,6502,
6502100,2020-12-16 00:06:15.690888+00,2020-12-16 00:06:15.690903+00,,,BUNYU,,,6502,
6503010,2020-12-16 00:06:15.693659+00,2020-12-16 00:06:15.693675+00,,,MURUK RIAN,,,6503,
6503020,2020-12-16 00:06:15.696269+00,2020-12-16 00:06:15.696284+00,,,SESAYAP,,,6503,
6503030,2020-12-16 00:06:15.698737+00,2020-12-16 00:06:15.698751+00,,,BETAYAU,,,6503,
6503040,2020-12-16 00:06:15.70135+00,2020-12-16 00:06:15.701365+00,,,SESAYAP HILIR,,,6503,
6503050,2020-12-16 00:06:15.703898+00,2020-12-16 00:06:15.703913+00,,,TANA LIA,,,6503,
6504010,2020-12-16 00:06:15.706392+00,2020-12-16 00:06:15.706407+00,,,KRAYAN SELATAN,,,6504,
6504020,2020-12-16 00:06:15.708919+00,2020-12-16 00:06:15.708934+00,,,KRAYAN,,,6504,
6504030,2020-12-16 00:06:15.711549+00,2020-12-16 00:06:15.711564+00,,,LUMBIS OGONG,,,6504,
6504040,2020-12-16 00:06:15.714003+00,2020-12-16 00:06:15.714018+00,,,LUMBIS,,,6504,
6504050,2020-12-16 00:06:15.716526+00,2020-12-16 00:06:15.716541+00,,,SEMBAKUNG ATULAI,,,6504,
6504060,2020-12-16 00:06:15.719252+00,2020-12-16 00:06:15.719268+00,,,SEMBAKUNG,,,6504,
6504070,2020-12-16 00:06:15.722022+00,2020-12-16 00:06:15.72204+00,,,SEBUKU,,,6504,
6504080,2020-12-16 00:06:15.725185+00,2020-12-16 00:06:15.725203+00,,,TULIN ONSOI,,,6504,
6504090,2020-12-16 00:06:15.727879+00,2020-12-16 00:06:15.727894+00,,,SEI MENGGARIS,,,6504,
6504100,2020-12-16 00:06:15.730392+00,2020-12-16 00:06:15.730407+00,,,NUNUKAN,,,6504,
6504110,2020-12-16 00:06:15.732896+00,2020-12-16 00:06:15.732911+00,,,NUNUKAN SELATAN,,,6504,
6504120,2020-12-16 00:06:15.735686+00,2020-12-16 00:06:15.7357+00,,,SEBATIK BARAT,,,6504,
6504130,2020-12-16 00:06:15.738099+00,2020-12-16 00:06:15.738114+00,,,SEBATIK,,,6504,
6504140,2020-12-16 00:06:15.740561+00,2020-12-16 00:06:15.740574+00,,,SEBATIK TIMUR,,,6504,
6504150,2020-12-16 00:06:15.743082+00,2020-12-16 00:06:15.743096+00,,,SEBATIK TENGAH,,,6504,
6504160,2020-12-16 00:06:15.745556+00,2020-12-16 00:06:15.74557+00,,,SEBATIK UTARA,,,6504,
6571010,2020-12-16 00:06:15.748008+00,2020-12-16 00:06:15.748022+00,,,TARAKAN TIMUR,,,6571,
6571020,2020-12-16 00:06:15.750843+00,2020-12-16 00:06:15.750858+00,,,TARAKAN TENGAH,,,6571,
6571030,2020-12-16 00:06:15.753474+00,2020-12-16 00:06:15.753489+00,,,TARAKAN BARAT,,,6571,
6571040,2020-12-16 00:06:15.755977+00,2020-12-16 00:06:15.755992+00,,,TARAKAN UTARA,,,6571,
7101021,2020-12-16 00:06:15.75836+00,2020-12-16 00:06:15.758375+00,,,DUMOGA BARAT,,,7101,
7101022,2020-12-16 00:06:15.760847+00,2020-12-16 00:06:15.760861+00,,,DUMOGA UTARA,,,7101,
7101023,2020-12-16 00:06:15.763287+00,2020-12-16 00:06:15.763302+00,,,DUMOGA TIMUR,,,7101,
7101024,2020-12-16 00:06:15.765722+00,2020-12-16 00:06:15.765736+00,,,DUMOGA TENGAH,,,7101,
7101025,2020-12-16 00:06:15.768327+00,2020-12-16 00:06:15.768341+00,,,DUMOGA TENGGARA,,,7101,
7101026,2020-12-16 00:06:15.770724+00,2020-12-16 00:06:15.770739+00,,,DUMOGA,,,7101,
7101060,2020-12-16 00:06:15.773026+00,2020-12-16 00:06:15.773039+00,,,LOLAYAN,,,7101,
7101081,2020-12-16 00:06:15.775564+00,2020-12-16 00:06:15.775578+00,,,PASSI BARAT,,,7101,
7101082,2020-12-16 00:06:15.778003+00,2020-12-16 00:06:15.778018+00,,,PASSI TIMUR,,,7101,
7101083,2020-12-16 00:06:15.780519+00,2020-12-16 00:06:15.780533+00,,,BILALANG,,,7101,
7101090,2020-12-16 00:06:15.783054+00,2020-12-16 00:06:15.783069+00,,,POIGAR,,,7101,
7101100,2020-12-16 00:06:15.785377+00,2020-12-16 00:06:15.785392+00,,,BOLAANG,,,7101,
7101101,2020-12-16 00:06:15.787937+00,2020-12-16 00:06:15.787952+00,,,BOLAANG TIMUR,,,7101,
7101110,2020-12-16 00:06:15.790648+00,2020-12-16 00:06:15.790663+00,,,LOLAK,,,7101,
7101120,2020-12-16 00:06:15.793511+00,2020-12-16 00:06:15.793526+00,,,SANGTOMBOLANG,,,7101,
7102091,2020-12-16 00:06:15.796573+00,2020-12-16 00:06:15.796597+00,,,LANGOWAN TIMUR,,,7102,
7102092,2020-12-16 00:06:15.799566+00,2020-12-16 00:06:15.799589+00,,,LANGOWAN BARAT,,,7102,
7102093,2020-12-16 00:06:15.802443+00,2020-12-16 00:06:15.802473+00,,,LANGOWAN SELATAN,,,7102,
7102094,2020-12-16 00:06:15.805812+00,2020-12-16 00:06:15.805835+00,,,LANGOWAN UTARA,,,7102,
7102110,2020-12-16 00:06:15.808679+00,2020-12-16 00:06:15.808702+00,,,TOMPASO,,,7102,
7102111,2020-12-16 00:06:15.811582+00,2020-12-16 00:06:15.811604+00,,,TOMPASO BARAT,,,7102,
7102120,2020-12-16 00:06:15.81452+00,2020-12-16 00:06:15.814542+00,,,KAWANGKOAN,,,7102,
7102121,2020-12-16 00:06:15.817387+00,2020-12-16 00:06:15.817409+00,,,KAWANGKOAN BARAT,,,7102,
7102122,2020-12-16 00:06:15.820263+00,2020-12-16 00:06:15.820284+00,,,KAWANGKOAN UTARA,,,7102,
7102130,2020-12-16 00:06:15.823046+00,2020-12-16 00:06:15.823067+00,,,SONDER,,,7102,
7102160,2020-12-16 00:06:15.826377+00,2020-12-16 00:06:15.826403+00,,,TOMBARIRI,,,7102,
7102161,2020-12-16 00:06:15.829829+00,2020-12-16 00:06:15.829854+00,,,TOMBARIRI TIMUR,,,7102,
7102170,2020-12-16 00:06:15.832963+00,2020-12-16 00:06:15.832985+00,,,PINELENG,,,7102,
7102171,2020-12-16 00:06:15.836152+00,2020-12-16 00:06:15.836175+00,,,TOMBULU,,,7102,
7102172,2020-12-16 00:06:15.839282+00,2020-12-16 00:06:15.839307+00,,,MANDOLANG,,,7102,
7102190,2020-12-16 00:06:15.842418+00,2020-12-16 00:06:15.842433+00,,,TONDANO BARAT,,,7102,
7102191,2020-12-16 00:06:15.84509+00,2020-12-16 00:06:15.845103+00,,,TONDANO SELATAN,,,7102,
7102200,2020-12-16 00:06:15.847815+00,2020-12-16 00:06:15.847829+00,,,REMBOKEN,,,7102,
7102210,2020-12-16 00:06:15.850498+00,2020-12-16 00:06:15.850512+00,,,KAKAS,,,7102,
7102211,2020-12-16 00:06:15.853163+00,2020-12-16 00:06:15.853176+00,,,KAKAS BARAT,,,7102,
7102220,2020-12-16 00:06:15.855367+00,2020-12-16 00:06:15.85538+00,,,LEMBEAN TIMUR,,,7102,
7102230,2020-12-16 00:06:15.857516+00,2020-12-16 00:06:15.857528+00,,,ERIS,,,7102,
7102240,2020-12-16 00:06:15.859739+00,2020-12-16 00:06:15.859751+00,,,KOMBI,,,7102,
7102250,2020-12-16 00:06:15.861924+00,2020-12-16 00:06:15.861936+00,,,TONDANO TIMUR,,,7102,
7102251,2020-12-16 00:06:15.864151+00,2020-12-16 00:06:15.864163+00,,,TONDANO UTARA,,,7102,
7103040,2020-12-16 00:06:15.866722+00,2020-12-16 00:06:15.866736+00,,,MANGANITU SELATAN,,,7103,
7103041,2020-12-16 00:06:15.869251+00,2020-12-16 00:06:15.869264+00,,,TATOARENG,,,7103,
7103050,2020-12-16 00:06:15.871654+00,2020-12-16 00:06:15.871669+00,,,TAMAKO,,,7103,
7103060,2020-12-16 00:06:15.874288+00,2020-12-16 00:06:15.874302+00,,,TABUKAN SELATAN,,,7103,
7103061,2020-12-16 00:06:15.876593+00,2020-12-16 00:06:15.876606+00,,,TABUKAN SELATAN TENGAH,,,7103,
7103062,2020-12-16 00:06:15.878924+00,2020-12-16 00:06:15.878936+00,,,TABUKAN SELATAN TENGGARA,,,7103,
7103070,2020-12-16 00:06:15.881548+00,2020-12-16 00:06:15.881562+00,,,TABUKAN TENGAH,,,7103,
7103080,2020-12-16 00:06:15.884004+00,2020-12-16 00:06:15.884018+00,,,MANGANITU,,,7103,
7103090,2020-12-16 00:06:15.886251+00,2020-12-16 00:06:15.886263+00,,,TAHUNA,,,7103,
7103091,2020-12-16 00:06:15.888523+00,2020-12-16 00:06:15.888537+00,,,TAHUNA TIMUR,,,7103,
7103092,2020-12-16 00:06:15.89106+00,2020-12-16 00:06:15.891074+00,,,TAHUNA BARAT,,,7103,
7103100,2020-12-16 00:06:15.893544+00,2020-12-16 00:06:15.893558+00,,,TABUKAN UTARA,,,7103,
7103101,2020-12-16 00:06:15.895799+00,2020-12-16 00:06:15.895811+00,,,NUSA TABUKAN,,,7103,
7103102,2020-12-16 00:06:15.898081+00,2020-12-16 00:06:15.898093+00,,,KEPULAUAN MARORE,,,7103,
7103110,2020-12-16 00:06:15.900357+00,2020-12-16 00:06:15.900376+00,,,KENDAHE,,,7103,
7104010,2020-12-16 00:06:15.902713+00,2020-12-16 00:06:15.902726+00,,,KABARUAN,,,7104,
7104011,2020-12-16 00:06:15.904908+00,2020-12-16 00:06:15.904921+00,,,DAMAU,,,7104,
7104020,2020-12-16 00:06:15.907106+00,2020-12-16 00:06:15.907118+00,,,LIRUNG,,,7104,
7104021,2020-12-16 00:06:15.910025+00,2020-12-16 00:06:15.91004+00,,,SALIBABU,,,7104,
7104022,2020-12-16 00:06:15.912925+00,2020-12-16 00:06:15.91294+00,,,KALONGAN,,,7104,
7104023,2020-12-16 00:06:15.915491+00,2020-12-16 00:06:15.915505+00,,,MORONGE,,,7104,
7104030,2020-12-16 00:06:15.917908+00,2020-12-16 00:06:15.917922+00,,,MELONGUANE,,,7104,
7104031,2020-12-16 00:06:15.920325+00,2020-12-16 00:06:15.920339+00,,,MELONGUANE TIMUR,,,7104,
7104040,2020-12-16 00:06:15.922644+00,2020-12-16 00:06:15.922659+00,,,BEO,,,7104,
7104041,2020-12-16 00:06:15.925163+00,2020-12-16 00:06:15.925177+00,,,BEO UTARA,,,7104,
7104042,2020-12-16 00:06:15.927502+00,2020-12-16 00:06:15.927515+00,,,BEO SELATAN,,,7104,
7104050,2020-12-16 00:06:15.930357+00,2020-12-16 00:06:15.930384+00,,,RAINIS,,,7104,
7104051,2020-12-16 00:06:15.933393+00,2020-12-16 00:06:15.93341+00,,,TAMPA NA'MMA,,,7104,
7104052,2020-12-16 00:06:15.9363+00,2020-12-16 00:06:15.936315+00,,,PULUTAN,,,7104,
7104060,2020-12-16 00:06:15.939071+00,2020-12-16 00:06:15.939086+00,,,ESSANG,,,7104,
7104061,2020-12-16 00:06:15.941775+00,2020-12-16 00:06:15.94179+00,,,ESSANG SELATAN,,,7104,
7104070,2020-12-16 00:06:15.944436+00,2020-12-16 00:06:15.944451+00,,,GEMEH,,,7104,
7104080,2020-12-16 00:06:15.947266+00,2020-12-16 00:06:15.94728+00,,,NANUSA,,,7104,
7104081,2020-12-16 00:06:15.949852+00,2020-12-16 00:06:15.949867+00,,,MIANGAS,,,7104,
7105010,2020-12-16 00:06:15.952308+00,2020-12-16 00:06:15.952323+00,,,MODOINDING,,,7105,
7105020,2020-12-16 00:06:15.954657+00,2020-12-16 00:06:15.954672+00,,,TOMPASO BARU,,,7105,
7105021,2020-12-16 00:06:15.956879+00,2020-12-16 00:06:15.956893+00,,,MAESAAN,,,7105,
7105070,2020-12-16 00:06:15.959119+00,2020-12-16 00:06:15.959134+00,,,RANOYAPO,,,7105,
7105080,2020-12-16 00:06:15.961372+00,2020-12-16 00:06:15.961388+00,,,MOTOLING,,,7105,
7105081,2020-12-16 00:06:15.963519+00,2020-12-16 00:06:15.963533+00,,,KUMELEMBUAI,,,7105,
7105082,2020-12-16 00:06:15.96576+00,2020-12-16 00:06:15.965776+00,,,MOTOLING BARAT,,,7105,
7105083,2020-12-16 00:06:15.967879+00,2020-12-16 00:06:15.967893+00,,,MOTOLING TIMUR,,,7105,
7105090,2020-12-16 00:06:15.969896+00,2020-12-16 00:06:15.969911+00,,,SINONSAYANG,,,7105,
7105100,2020-12-16 00:06:15.971987+00,2020-12-16 00:06:15.972002+00,,,TENGA,,,7105,
7105111,2020-12-16 00:06:15.973986+00,2020-12-16 00:06:15.974+00,,,AMURANG,,,7105,
7105112,2020-12-16 00:06:15.976336+00,2020-12-16 00:06:15.976351+00,,,AMURANG BARAT,,,7105,
7105113,2020-12-16 00:06:15.978569+00,2020-12-16 00:06:15.978584+00,,,AMURANG TIMUR,,,7105,
7105120,2020-12-16 00:06:15.98111+00,2020-12-16 00:06:15.981125+00,,,TARERAN,,,7105,
7105121,2020-12-16 00:06:15.983455+00,2020-12-16 00:06:15.98347+00,,,SULTA,,,7105,
7105130,2020-12-16 00:06:15.985668+00,2020-12-16 00:06:15.985682+00,,,TUMPAAN,,,7105,
7105131,2020-12-16 00:06:15.987973+00,2020-12-16 00:06:15.987988+00,,,TATAPAAN,,,7105,
7106010,2020-12-16 00:06:15.990222+00,2020-12-16 00:06:15.990236+00,,,KEMA,,,7106,
7106020,2020-12-16 00:06:15.992728+00,2020-12-16 00:06:15.992743+00,,,KAUDITAN,,,7106,
7106030,2020-12-16 00:06:15.995357+00,2020-12-16 00:06:15.995372+00,,,AIRMADIDI,,,7106,
7106040,2020-12-16 00:06:15.998016+00,2020-12-16 00:06:15.998031+00,,,KALAWAT,,,7106,
7106050,2020-12-16 00:06:16.000465+00,2020-12-16 00:06:16.000479+00,,,DIMEMBE,,,7106,
7106051,2020-12-16 00:06:16.003254+00,2020-12-16 00:06:16.003269+00,,,TALAWAAN,,,7106,
7106060,2020-12-16 00:06:16.005728+00,2020-12-16 00:06:16.005743+00,,,WORI,,,7106,
7106070,2020-12-16 00:06:16.008142+00,2020-12-16 00:06:16.008157+00,,,LIKUPANG BARAT,,,7106,
7106080,2020-12-16 00:06:16.010511+00,2020-12-16 00:06:16.010526+00,,,LIKUPANG TIMUR,,,7106,
7106081,2020-12-16 00:06:16.01289+00,2020-12-16 00:06:16.012905+00,,,LIKUPANG SELATAN,,,7106,
7107010,2020-12-16 00:06:16.015312+00,2020-12-16 00:06:16.015329+00,,,SANGKUB,,,7107,
7107020,2020-12-16 00:06:16.017874+00,2020-12-16 00:06:16.01789+00,,,BINTAUNA,,,7107,
7107030,2020-12-16 00:06:16.020383+00,2020-12-16 00:06:16.020397+00,,,BOLANG ITANG TIMUR,,,7107,
7107040,2020-12-16 00:06:16.022846+00,2020-12-16 00:06:16.02287+00,,,BOLANG ITANG BARAT,,,7107,
7107050,2020-12-16 00:06:16.025385+00,2020-12-16 00:06:16.025401+00,,,KAIDIPANG,,,7107,
7107060,2020-12-16 00:06:16.027881+00,2020-12-16 00:06:16.027896+00,,,PINOGALUMAN,,,7107,
7108010,2020-12-16 00:06:16.03024+00,2020-12-16 00:06:16.030253+00,,,BIARO,,,7108,
7108020,2020-12-16 00:06:16.032556+00,2020-12-16 00:06:16.032583+00,,,TAGULANDANG SELATAN,,,7108,
7108030,2020-12-16 00:06:16.035843+00,2020-12-16 00:06:16.03587+00,,,TAGULANDANG,,,7108,
7108040,2020-12-16 00:06:16.038942+00,2020-12-16 00:06:16.038964+00,,,TAGULANDANG UTARA,,,7108,
7108050,2020-12-16 00:06:16.041826+00,2020-12-16 00:06:16.041841+00,,,SIAU BARAT SELATAN,,,7108,
7108060,2020-12-16 00:06:16.044767+00,2020-12-16 00:06:16.044782+00,,,SIAU TIMUR SELATAN,,,7108,
7108070,2020-12-16 00:06:16.047829+00,2020-12-16 00:06:16.047845+00,,,SIAU BARAT,,,7108,
7108080,2020-12-16 00:06:16.05066+00,2020-12-16 00:06:16.050675+00,,,SIAU TENGAH,,,7108,
7108090,2020-12-16 00:06:16.053478+00,2020-12-16 00:06:16.053493+00,,,SIAU TIMUR,,,7108,
7108100,2020-12-16 00:06:16.056232+00,2020-12-16 00:06:16.056255+00,,,SIAU BARAT UTARA,,,7108,
7109010,2020-12-16 00:06:16.058793+00,2020-12-16 00:06:16.058807+00,,,RATATOTOK,,,7109,
7109020,2020-12-16 00:06:16.061117+00,2020-12-16 00:06:16.061132+00,,,PUSOMAEN,,,7109,
7109030,2020-12-16 00:06:16.063388+00,2020-12-16 00:06:16.063403+00,,,BELANG,,,7109,
7109040,2020-12-16 00:06:16.065848+00,2020-12-16 00:06:16.065862+00,,,RATAHAN,,,7109,
7109041,2020-12-16 00:06:16.068347+00,2020-12-16 00:06:16.068362+00,,,PASAN,,,7109,
7109042,2020-12-16 00:06:16.070868+00,2020-12-16 00:06:16.070882+00,,,RATAHAN TIMUR,,,7109,
7109050,2020-12-16 00:06:16.073382+00,2020-12-16 00:06:16.073397+00,,,TOMBATU,,,7109,
7109051,2020-12-16 00:06:16.075894+00,2020-12-16 00:06:16.075908+00,,,TOMBATU TIMUR,,,7109,
7109052,2020-12-16 00:06:16.078598+00,2020-12-16 00:06:16.078617+00,,,TOMBATU UTARA,,,7109,
7109060,2020-12-16 00:06:16.081203+00,2020-12-16 00:06:16.081218+00,,,TOULUAAN,,,7109,
7109061,2020-12-16 00:06:16.083911+00,2020-12-16 00:06:16.083926+00,,,TOULUAAN SELATAN,,,7109,
7109062,2020-12-16 00:06:16.086574+00,2020-12-16 00:06:16.08659+00,,,SILIAN RAYA,,,7109,
7110010,2020-12-16 00:06:16.089438+00,2020-12-16 00:06:16.089452+00,,,POSIGADAN,,,7110,
7110020,2020-12-16 00:06:16.092092+00,2020-12-16 00:06:16.092107+00,,,BOLANG UKI,,,7110,
7110021,2020-12-16 00:06:16.094762+00,2020-12-16 00:06:16.094777+00,,,HELUMO,,,7110,
7110030,2020-12-16 00:06:16.097897+00,2020-12-16 00:06:16.097912+00,,,PINOLOSIAN,,,7110,
7110040,2020-12-16 00:06:16.100477+00,2020-12-16 00:06:16.100492+00,,,PINOLOSIAN TENGAH,,,7110,
7110050,2020-12-16 00:06:16.103414+00,2020-12-16 00:06:16.103429+00,,,PINOLOSIAN TIMUR,,,7110,
7111010,2020-12-16 00:06:16.105869+00,2020-12-16 00:06:16.105884+00,,,NUANGAN,,,7111,
7111020,2020-12-16 00:06:16.108383+00,2020-12-16 00:06:16.108398+00,,,TUTUYAN,,,7111,
7111030,2020-12-16 00:06:16.110817+00,2020-12-16 00:06:16.110832+00,,,KOTABUNAN,,,7111,
7111040,2020-12-16 00:06:16.113175+00,2020-12-16 00:06:16.113189+00,,,MODAYAG,,,7111,
7111050,2020-12-16 00:06:16.115632+00,2020-12-16 00:06:16.115646+00,,,MODAYAG BARAT,,,7111,
7171010,2020-12-16 00:06:16.117906+00,2020-12-16 00:06:16.117921+00,,,MALALAYANG,,,7171,
7171020,2020-12-16 00:06:16.120044+00,2020-12-16 00:06:16.120058+00,,,SARIO,,,7171,
7171021,2020-12-16 00:06:16.122055+00,2020-12-16 00:06:16.122069+00,,,WANEA,,,7171,
7171030,2020-12-16 00:06:16.124219+00,2020-12-16 00:06:16.124233+00,,,WENANG,,,7171,
7171031,2020-12-16 00:06:16.126251+00,2020-12-16 00:06:16.126266+00,,,TIKALA,,,7171,
7171032,2020-12-16 00:06:16.128453+00,2020-12-16 00:06:16.128468+00,,,PAAL DUA,,,7171,
7171040,2020-12-16 00:06:16.130975+00,2020-12-16 00:06:16.13099+00,,,MAPANGET,,,7171,
7171051,2020-12-16 00:06:16.133222+00,2020-12-16 00:06:16.133236+00,,,SINGKIL,,,7171,
7171052,2020-12-16 00:06:16.135443+00,2020-12-16 00:06:16.135458+00,,,TUMINTING,,,7171,
7171053,2020-12-16 00:06:16.138422+00,2020-12-16 00:06:16.138453+00,,,BUNAKEN,,,7171,
7171054,2020-12-16 00:06:16.14111+00,2020-12-16 00:06:16.141127+00,,,BUNAKEN KEPULAUAN,,,7171,
7172010,2020-12-16 00:06:16.143365+00,2020-12-16 00:06:16.14338+00,,,MADIDIR,,,7172,
7172011,2020-12-16 00:06:16.145445+00,2020-12-16 00:06:16.14546+00,,,MATUARI,,,7172,
7172012,2020-12-16 00:06:16.147819+00,2020-12-16 00:06:16.147834+00,,,GIRIAN,,,7172,
7172021,2020-12-16 00:06:16.149923+00,2020-12-16 00:06:16.149937+00,,,LEMBEH SELATAN,,,7172,
7172022,2020-12-16 00:06:16.152067+00,2020-12-16 00:06:16.152081+00,,,LEMBEH UTARA,,,7172,
7172030,2020-12-16 00:06:16.154367+00,2020-12-16 00:06:16.154381+00,,,AERTEMBAGA,,,7172,
7172031,2020-12-16 00:06:16.156662+00,2020-12-16 00:06:16.156676+00,,,MAESA,,,7172,
7172040,2020-12-16 00:06:16.158964+00,2020-12-16 00:06:16.158979+00,,,RANOWULU,,,7172,
7173010,2020-12-16 00:06:16.161244+00,2020-12-16 00:06:16.161258+00,,,TOMOHON SELATAN,,,7173,
7173020,2020-12-16 00:06:16.163577+00,2020-12-16 00:06:16.163591+00,,,TOMOHON TENGAH,,,7173,
7173021,2020-12-16 00:06:16.165998+00,2020-12-16 00:06:16.166013+00,,,TOMOHON TIMUR,,,7173,
7173022,2020-12-16 00:06:16.16832+00,2020-12-16 00:06:16.168334+00,,,TOMOHON BARAT,,,7173,
7173030,2020-12-16 00:06:16.170743+00,2020-12-16 00:06:16.170758+00,,,TOMOHON UTARA,,,7173,
7174010,2020-12-16 00:06:16.173173+00,2020-12-16 00:06:16.173192+00,,,KOTAMOBAGU SELATAN,,,7174,
7174020,2020-12-16 00:06:16.175608+00,2020-12-16 00:06:16.175623+00,,,KOTAMOBAGU TIMUR,,,7174,
7174030,2020-12-16 00:06:16.178082+00,2020-12-16 00:06:16.178096+00,,,KOTAMOBAGU BARAT,,,7174,
7174040,2020-12-16 00:06:16.180583+00,2020-12-16 00:06:16.180597+00,,,KOTAMOBAGU UTARA,,,7174,
7201030,2020-12-16 00:06:16.183404+00,2020-12-16 00:06:16.183419+00,,,TOTIKUM,,,7201,
7201031,2020-12-16 00:06:16.186208+00,2020-12-16 00:06:16.186223+00,,,TOTIKUM SELATAN,,,7201,
7201040,2020-12-16 00:06:16.188769+00,2020-12-16 00:06:16.188784+00,,,TINANGKUNG,,,7201,
7201041,2020-12-16 00:06:16.191399+00,2020-12-16 00:06:16.191415+00,,,TINANGKUNG SELATAN,,,7201,
7201042,2020-12-16 00:06:16.194046+00,2020-12-16 00:06:16.194062+00,,,TINANGKUNG UTARA,,,7201,
7201050,2020-12-16 00:06:16.196561+00,2020-12-16 00:06:16.196576+00,,,LIANG,,,7201,
7201051,2020-12-16 00:06:16.199+00,2020-12-16 00:06:16.199015+00,,,PELING TENGAH,,,7201,
7201060,2020-12-16 00:06:16.201331+00,2020-12-16 00:06:16.201346+00,,,BULAGI,,,7201,
7201061,2020-12-16 00:06:16.203668+00,2020-12-16 00:06:16.203683+00,,,BULAGI SELATAN,,,7201,
7201062,2020-12-16 00:06:16.205849+00,2020-12-16 00:06:16.205865+00,,,BULAGI UTARA,,,7201,
7201070,2020-12-16 00:06:16.207972+00,2020-12-16 00:06:16.207986+00,,,BUKO,,,7201,
7201071,2020-12-16 00:06:16.209971+00,2020-12-16 00:06:16.209985+00,,,BUKO SELATAN,,,7201,
7202010,2020-12-16 00:06:16.212025+00,2020-12-16 00:06:16.21204+00,,,TOILI,,,7202,
7202011,2020-12-16 00:06:16.214073+00,2020-12-16 00:06:16.214087+00,,,TOILI BARAT,,,7202,
7202012,2020-12-16 00:06:16.216189+00,2020-12-16 00:06:16.216205+00,,,MOILONG,,,7202,
7202020,2020-12-16 00:06:16.218215+00,2020-12-16 00:06:16.21823+00,,,BATUI,,,7202,
7202021,2020-12-16 00:06:16.220338+00,2020-12-16 00:06:16.220354+00,,,BATUI SELATAN,,,7202,
7202030,2020-12-16 00:06:16.222306+00,2020-12-16 00:06:16.222319+00,,,BUNTA,,,7202,
7202031,2020-12-16 00:06:16.224333+00,2020-12-16 00:06:16.224348+00,,,NUHON,,,7202,
7202032,2020-12-16 00:06:16.226397+00,2020-12-16 00:06:16.226412+00,,,SIMPANG RAYA,,,7202,
7202040,2020-12-16 00:06:16.228521+00,2020-12-16 00:06:16.228536+00,,,KINTOM,,,7202,
7202050,2020-12-16 00:06:16.230825+00,2020-12-16 00:06:16.23084+00,,,LUWUK,,,7202,
7202051,2020-12-16 00:06:16.233183+00,2020-12-16 00:06:16.233198+00,,,LUWUK TIMUR,,,7202,
7202052,2020-12-16 00:06:16.235313+00,2020-12-16 00:06:16.235328+00,,,LUWUK UTARA,,,7202,
7202053,2020-12-16 00:06:16.237411+00,2020-12-16 00:06:16.237425+00,,,LUWUK SELATAN,,,7202,
7202054,2020-12-16 00:06:16.23991+00,2020-12-16 00:06:16.239939+00,,,NAMBO,,,7202,
7202060,2020-12-16 00:06:16.242998+00,2020-12-16 00:06:16.243015+00,,,PAGIMANA,,,7202,
7202061,2020-12-16 00:06:16.24578+00,2020-12-16 00:06:16.245795+00,,,BUALEMO,,,7202,
7202062,2020-12-16 00:06:16.248298+00,2020-12-16 00:06:16.248313+00,,,LOBU,,,7202,
7202070,2020-12-16 00:06:16.250337+00,2020-12-16 00:06:16.250351+00,,,LAMALA,,,7202,
7202071,2020-12-16 00:06:16.252367+00,2020-12-16 00:06:16.252381+00,,,MASAMA,,,7202,
7202072,2020-12-16 00:06:16.254353+00,2020-12-16 00:06:16.254367+00,,,MANTOH,,,7202,
7202080,2020-12-16 00:06:16.256323+00,2020-12-16 00:06:16.256336+00,,,BALANTAK,,,7202,
7202081,2020-12-16 00:06:16.258889+00,2020-12-16 00:06:16.258903+00,,,BALANTAK SELATAN,,,7202,
7202082,2020-12-16 00:06:16.261476+00,2020-12-16 00:06:16.261489+00,,,BALANTAK UTARA,,,7202,
7203010,2020-12-16 00:06:16.263768+00,2020-12-16 00:06:16.263781+00,,,MENUI KEPULAUAN,,,7203,
7203020,2020-12-16 00:06:16.26626+00,2020-12-16 00:06:16.266274+00,,,BUNGKU SELATAN,,,7203,
7203021,2020-12-16 00:06:16.268703+00,2020-12-16 00:06:16.268715+00,,,BAHODOPI,,,7203,
7203022,2020-12-16 00:06:16.271183+00,2020-12-16 00:06:16.271196+00,,,BUNGKU PESISIR,,,7203,
7203030,2020-12-16 00:06:16.273354+00,2020-12-16 00:06:16.273366+00,,,BUNGKU TENGAH,,,7203,
7203031,2020-12-16 00:06:16.275661+00,2020-12-16 00:06:16.275674+00,,,BUNGKU TIMUR,,,7203,
7203040,2020-12-16 00:06:16.277864+00,2020-12-16 00:06:16.277876+00,,,BUNGKU BARAT,,,7203,
7203041,2020-12-16 00:06:16.2801+00,2020-12-16 00:06:16.280113+00,,,BUMI RAYA,,,7203,
7203042,2020-12-16 00:06:16.282654+00,2020-12-16 00:06:16.282668+00,,,WITA PONDA,,,7203,
7204010,2020-12-16 00:06:16.285251+00,2020-12-16 00:06:16.285265+00,,,PAMONA SELATAN,,,7204,
7204011,2020-12-16 00:06:16.287789+00,2020-12-16 00:06:16.287804+00,,,PAMONA BARAT,,,7204,
7204012,2020-12-16 00:06:16.290341+00,2020-12-16 00:06:16.290354+00,,,PAMONA TENGGARA,,,7204,
7204020,2020-12-16 00:06:16.292992+00,2020-12-16 00:06:16.293006+00,,,LORE SELATAN,,,7204,
7204021,2020-12-16 00:06:16.295724+00,2020-12-16 00:06:16.295737+00,,,LORE BARAT,,,7204,
7204030,2020-12-16 00:06:16.298074+00,2020-12-16 00:06:16.298087+00,,,PAMONA PUSALEMBA,,,7204,
7204031,2020-12-16 00:06:16.300313+00,2020-12-16 00:06:16.300325+00,,,PAMONA TIMUR,,,7204,
7204032,2020-12-16 00:06:16.302812+00,2020-12-16 00:06:16.302835+00,,,PAMONA UTARA,,,7204,
7204040,2020-12-16 00:06:16.305545+00,2020-12-16 00:06:16.30556+00,,,LORE UTARA,,,7204,
7204041,2020-12-16 00:06:16.308427+00,2020-12-16 00:06:16.308441+00,,,LORE TENGAH,,,7204,
7204042,2020-12-16 00:06:16.3119+00,2020-12-16 00:06:16.311915+00,,,LORE TIMUR,,,7204,
7204043,2020-12-16 00:06:16.314803+00,2020-12-16 00:06:16.314819+00,,,LORE PEORE,,,7204,
7204050,2020-12-16 00:06:16.317813+00,2020-12-16 00:06:16.317827+00,,,POSO PESISIR,,,7204,
7204051,2020-12-16 00:06:16.320337+00,2020-12-16 00:06:16.320352+00,,,POSO PESISIR SELATAN,,,7204,
7204052,2020-12-16 00:06:16.322834+00,2020-12-16 00:06:16.322859+00,,,POSO PESISIR UTARA,,,7204,
7204060,2020-12-16 00:06:16.325365+00,2020-12-16 00:06:16.32538+00,,,LAGE,,,7204,
7204070,2020-12-16 00:06:16.327894+00,2020-12-16 00:06:16.327908+00,,,POSO KOTA,,,7204,
7204071,2020-12-16 00:06:16.330282+00,2020-12-16 00:06:16.330296+00,,,POSO KOTA UTARA,,,7204,
7204072,2020-12-16 00:06:16.332819+00,2020-12-16 00:06:16.332833+00,,,POSO KOTA SELATAN,,,7204,
7205041,2020-12-16 00:06:16.335562+00,2020-12-16 00:06:16.335577+00,,,RIO PAKAVA,,,7205,
7205051,2020-12-16 00:06:16.337883+00,2020-12-16 00:06:16.337898+00,,,PINEMBANI,,,7205,
7205080,2020-12-16 00:06:16.340016+00,2020-12-16 00:06:16.340031+00,,,BANAWA,,,7205,
7205081,2020-12-16 00:06:16.342102+00,2020-12-16 00:06:16.342125+00,,,BANAWA SELATAN,,,7205,
7205082,2020-12-16 00:06:16.344797+00,2020-12-16 00:06:16.344825+00,,,BANAWA TENGAH,,,7205,
7205090,2020-12-16 00:06:16.347353+00,2020-12-16 00:06:16.347367+00,,,LABUAN,,,7205,
7205091,2020-12-16 00:06:16.350922+00,2020-12-16 00:06:16.350937+00,,,TANANTOVEA,,,7205,
7205100,2020-12-16 00:06:16.353519+00,2020-12-16 00:06:16.353535+00,,,SINDUE,,,7205,
7205101,2020-12-16 00:06:16.356204+00,2020-12-16 00:06:16.35622+00,,,SINDUE TOMBUSABORA,,,7205,
7205102,2020-12-16 00:06:16.358671+00,2020-12-16 00:06:16.358686+00,,,SINDUE TOBATA,,,7205,
7205120,2020-12-16 00:06:16.361219+00,2020-12-16 00:06:16.361234+00,,,SIRENJA,,,7205,
7205130,2020-12-16 00:06:16.363949+00,2020-12-16 00:06:16.363964+00,,,BALAESANG,,,7205,
7205131,2020-12-16 00:06:16.366472+00,2020-12-16 00:06:16.366486+00,,,BALAESANG TANJUNG,,,7205,
7205140,2020-12-16 00:06:16.369086+00,2020-12-16 00:06:16.369102+00,,,DAMPELAS,,,7205,
7205160,2020-12-16 00:06:16.371608+00,2020-12-16 00:06:16.371622+00,,,SOJOL,,,7205,
7205161,2020-12-16 00:06:16.374033+00,2020-12-16 00:06:16.374055+00,,,SOJOL UTARA,,,7205,
7206010,2020-12-16 00:06:16.376745+00,2020-12-16 00:06:16.37676+00,,,DAMPAL SELATAN,,,7206,
7206020,2020-12-16 00:06:16.379223+00,2020-12-16 00:06:16.379239+00,,,DAMPAL UTARA,,,7206,
7206030,2020-12-16 00:06:16.38148+00,2020-12-16 00:06:16.381495+00,,,DONDO,,,7206,
7206031,2020-12-16 00:06:16.38373+00,2020-12-16 00:06:16.383745+00,,,OGODEIDE,,,7206,
7206032,2020-12-16 00:06:16.3861+00,2020-12-16 00:06:16.386115+00,,,BASIDONDO,,,7206,
7206040,2020-12-16 00:06:16.388304+00,2020-12-16 00:06:16.388319+00,,,BAOLAN,,,7206,
7206041,2020-12-16 00:06:16.390518+00,2020-12-16 00:06:16.390533+00,,,LAMPASIO,,,7206,
7206050,2020-12-16 00:06:16.392628+00,2020-12-16 00:06:16.392643+00,,,GALANG,,,7206,
7206060,2020-12-16 00:06:16.394912+00,2020-12-16 00:06:16.394927+00,,,TOLITOLI UTARA,,,7206,
7206061,2020-12-16 00:06:16.397114+00,2020-12-16 00:06:16.397129+00,,,DAKO PAMEAN,,,7206,
7207010,2020-12-16 00:06:16.399353+00,2020-12-16 00:06:16.399368+00,,,LAKEA,,,7207,
7207011,2020-12-16 00:06:16.401886+00,2020-12-16 00:06:16.401901+00,,,BIAU,,,7207,
7207012,2020-12-16 00:06:16.404275+00,2020-12-16 00:06:16.40429+00,,,KARAMAT,,,7207,
7207020,2020-12-16 00:06:16.40663+00,2020-12-16 00:06:16.406644+00,,,MOMUNU,,,7207,
7207021,2020-12-16 00:06:16.409027+00,2020-12-16 00:06:16.409041+00,,,TILOAN,,,7207,
7207030,2020-12-16 00:06:16.410997+00,2020-12-16 00:06:16.411012+00,,,BOKAT,,,7207,
7207031,2020-12-16 00:06:16.413175+00,2020-12-16 00:06:16.413191+00,,,BUKAL,,,7207,
7207040,2020-12-16 00:06:16.41528+00,2020-12-16 00:06:16.415294+00,,,BUNOBOGU,,,7207,
7207041,2020-12-16 00:06:16.417349+00,2020-12-16 00:06:16.417363+00,,,GADUNG,,,7207,
7207050,2020-12-16 00:06:16.41928+00,2020-12-16 00:06:16.419294+00,,,PALELEH,,,7207,
7207051,2020-12-16 00:06:16.421234+00,2020-12-16 00:06:16.421248+00,,,PALELEH BARAT,,,7207,
7208010,2020-12-16 00:06:16.423281+00,2020-12-16 00:06:16.423294+00,,,SAUSU,,,7208,
7208011,2020-12-16 00:06:16.425422+00,2020-12-16 00:06:16.425437+00,,,TORUE,,,7208,
7208012,2020-12-16 00:06:16.427457+00,2020-12-16 00:06:16.427471+00,,,BALINGGI,,,7208,
7208020,2020-12-16 00:06:16.429335+00,2020-12-16 00:06:16.42935+00,,,PARIGI,,,7208,
7208021,2020-12-16 00:06:16.431609+00,2020-12-16 00:06:16.431624+00,,,PARIGI SELATAN,,,7208,
7208022,2020-12-16 00:06:16.433852+00,2020-12-16 00:06:16.433867+00,,,PARIGI BARAT,,,7208,
7208023,2020-12-16 00:06:16.435991+00,2020-12-16 00:06:16.436005+00,,,PARIGI UTARA,,,7208,
7208024,2020-12-16 00:06:16.438064+00,2020-12-16 00:06:16.438079+00,,,PARIGI TENGAH,,,7208,
7208030,2020-12-16 00:06:16.440116+00,2020-12-16 00:06:16.44013+00,,,AMPIBABO,,,7208,
7208031,2020-12-16 00:06:16.442381+00,2020-12-16 00:06:16.442395+00,,,KASIMBAR,,,7208,
7208032,2020-12-16 00:06:16.444709+00,2020-12-16 00:06:16.444724+00,,,TORIBULU,,,7208,
7208033,2020-12-16 00:06:16.447535+00,2020-12-16 00:06:16.447564+00,,,SINIU,,,7208,
7208040,2020-12-16 00:06:16.450347+00,2020-12-16 00:06:16.450365+00,,,TINOMBO,,,7208,
7208041,2020-12-16 00:06:16.453007+00,2020-12-16 00:06:16.453022+00,,,TINOMBO SELATAN,,,7208,
7208042,2020-12-16 00:06:16.455939+00,2020-12-16 00:06:16.455954+00,,,SIDOAN,,,7208,
7208050,2020-12-16 00:06:16.458773+00,2020-12-16 00:06:16.458788+00,,,TOMINI,,,7208,
7208051,2020-12-16 00:06:16.461542+00,2020-12-16 00:06:16.461556+00,,,MEPANGA,,,7208,
7208052,2020-12-16 00:06:16.464191+00,2020-12-16 00:06:16.464206+00,,,PALASA,,,7208,
7208060,2020-12-16 00:06:16.466785+00,2020-12-16 00:06:16.4668+00,,,MOUTONG,,,7208,
7208061,2020-12-16 00:06:16.469278+00,2020-12-16 00:06:16.469293+00,,,BOLANO LAMBUNU,,,7208,
7208062,2020-12-16 00:06:16.471642+00,2020-12-16 00:06:16.471657+00,,,TAOPA,,,7208,
7208063,2020-12-16 00:06:16.474269+00,2020-12-16 00:06:16.474284+00,,,BOLANO,,,7208,
7208064,2020-12-16 00:06:16.477229+00,2020-12-16 00:06:16.477246+00,,,ONGKA MALINO,,,7208,
7209010,2020-12-16 00:06:16.480084+00,2020-12-16 00:06:16.480099+00,,,TOJO BARAT,,,7209,
7209020,2020-12-16 00:06:16.482862+00,2020-12-16 00:06:16.482877+00,,,TOJO,,,7209,
7209030,2020-12-16 00:06:16.48536+00,2020-12-16 00:06:16.485374+00,,,ULUBONGKA,,,7209,
7209040,2020-12-16 00:06:16.487974+00,2020-12-16 00:06:16.487989+00,,,AMPANA TETE,,,7209,
7209050,2020-12-16 00:06:16.490416+00,2020-12-16 00:06:16.49043+00,,,AMPANA KOTA,,,7209,
7209051,2020-12-16 00:06:16.492762+00,2020-12-16 00:06:16.492776+00,,,RATOLINDO,,,7209,
7209060,2020-12-16 00:06:16.495086+00,2020-12-16 00:06:16.4951+00,,,UNA - UNA,,,7209,
7209061,2020-12-16 00:06:16.497743+00,2020-12-16 00:06:16.497758+00,,,BATUDAKA,,,7209,
7209070,2020-12-16 00:06:16.500465+00,2020-12-16 00:06:16.50048+00,,,TOGEAN,,,7209,
7209080,2020-12-16 00:06:16.503018+00,2020-12-16 00:06:16.503042+00,,,WALEA KEPULAUAN,,,7209,
7209081,2020-12-16 00:06:16.505371+00,2020-12-16 00:06:16.505386+00,,,WALEA BESAR,,,7209,
7209082,2020-12-16 00:06:16.507893+00,2020-12-16 00:06:16.507908+00,,,TALATAKO,,,7209,
7210010,2020-12-16 00:06:16.510353+00,2020-12-16 00:06:16.510366+00,,,PIPIKORO,,,7210,
7210020,2020-12-16 00:06:16.512857+00,2020-12-16 00:06:16.512872+00,,,KULAWI SELATAN,,,7210,
7210030,2020-12-16 00:06:16.515567+00,2020-12-16 00:06:16.515582+00,,,KULAWI,,,7210,
7210040,2020-12-16 00:06:16.517724+00,2020-12-16 00:06:16.517739+00,,,LINDU,,,7210,
7210050,2020-12-16 00:06:16.519656+00,2020-12-16 00:06:16.519671+00,,,NOKILALAKI,,,7210,
7210060,2020-12-16 00:06:16.521624+00,2020-12-16 00:06:16.521639+00,,,PALOLO,,,7210,
7210070,2020-12-16 00:06:16.523697+00,2020-12-16 00:06:16.523713+00,,,GUMBASA,,,7210,
7210080,2020-12-16 00:06:16.526123+00,2020-12-16 00:06:16.526137+00,,,DOLO SELATAN,,,7210,
7210090,2020-12-16 00:06:16.528582+00,2020-12-16 00:06:16.528595+00,,,DOLO BARAT,,,7210,
7210100,2020-12-16 00:06:16.530991+00,2020-12-16 00:06:16.531003+00,,,TANAMBULAVA,,,7210,
7210110,2020-12-16 00:06:16.533503+00,2020-12-16 00:06:16.533516+00,,,DOLO,,,7210,
7210120,2020-12-16 00:06:16.535822+00,2020-12-16 00:06:16.535834+00,,,SIGI BIROMARU,,,7210,
7210130,2020-12-16 00:06:16.538417+00,2020-12-16 00:06:16.53843+00,,,MARAWOLA,,,7210,
7210140,2020-12-16 00:06:16.540907+00,2020-12-16 00:06:16.54092+00,,,MARAWOLA BARAT,,,7210,
7210150,2020-12-16 00:06:16.543615+00,2020-12-16 00:06:16.543628+00,,,KINOVARO,,,7210,
7211010,2020-12-16 00:06:16.546041+00,2020-12-16 00:06:16.546054+00,,,BANGKURUNG,,,7211,
7211020,2020-12-16 00:06:16.548584+00,2020-12-16 00:06:16.548597+00,,,LABOBO,,,7211,
7211030,2020-12-16 00:06:16.551078+00,2020-12-16 00:06:16.551096+00,,,BANGGAI UTARA,,,7211,
7211040,2020-12-16 00:06:16.555344+00,2020-12-16 00:06:16.555389+00,,,BANGGAI,,,7211,
7211050,2020-12-16 00:06:16.559111+00,2020-12-16 00:06:16.559134+00,,,BANGGAI TENGAH,,,7211,
7211060,2020-12-16 00:06:16.561973+00,2020-12-16 00:06:16.561995+00,,,BANGGAI SELATAN,,,7211,
7211070,2020-12-16 00:06:16.565188+00,2020-12-16 00:06:16.56521+00,,,BOKAN KEPULAUAN,,,7211,
7212010,2020-12-16 00:06:16.56846+00,2020-12-16 00:06:16.568482+00,,,MORI ATAS,,,7212,
7212020,2020-12-16 00:06:16.571504+00,2020-12-16 00:06:16.571526+00,,,LEMBO,,,7212,
7212030,2020-12-16 00:06:16.574744+00,2020-12-16 00:06:16.574769+00,,,LEMBO RAYA,,,7212,
7212040,2020-12-16 00:06:16.577816+00,2020-12-16 00:06:16.57784+00,,,PETASIA TIMUR,,,7212,
7212050,2020-12-16 00:06:16.580829+00,2020-12-16 00:06:16.580855+00,,,PETASIA,,,7212,
7212060,2020-12-16 00:06:16.584193+00,2020-12-16 00:06:16.584218+00,,,PETASIA BARAT,,,7212,
7212070,2020-12-16 00:06:16.587617+00,2020-12-16 00:06:16.587644+00,,,MORI UTARA,,,7212,
7212080,2020-12-16 00:06:16.59199+00,2020-12-16 00:06:16.592013+00,,,SOYO JAYA,,,7212,
7212090,2020-12-16 00:06:16.595009+00,2020-12-16 00:06:16.595032+00,,,BUNGKU UTARA,,,7212,
7212100,2020-12-16 00:06:16.598023+00,2020-12-16 00:06:16.598045+00,,,MAMOSALATO,,,7212,
7271010,2020-12-16 00:06:16.60096+00,2020-12-16 00:06:16.600983+00,,,PALU BARAT,,,7271,
7271011,2020-12-16 00:06:16.604742+00,2020-12-16 00:06:16.604785+00,,,TATANGA,,,7271,
7271012,2020-12-16 00:06:16.608936+00,2020-12-16 00:06:16.608982+00,,,ULUJADI,,,7271,
7271020,2020-12-16 00:06:16.613226+00,2020-12-16 00:06:16.613272+00,,,PALU SELATAN,,,7271,
7271030,2020-12-16 00:06:16.616593+00,2020-12-16 00:06:16.616607+00,,,PALU TIMUR,,,7271,
7271031,2020-12-16 00:06:16.619341+00,2020-12-16 00:06:16.619364+00,,,MANTIKULORE,,,7271,
7271040,2020-12-16 00:06:16.622056+00,2020-12-16 00:06:16.622072+00,,,PALU UTARA,,,7271,
7271041,2020-12-16 00:06:16.624652+00,2020-12-16 00:06:16.624666+00,,,TAWAELI,,,7271,
7301010,2020-12-16 00:06:16.627152+00,2020-12-16 00:06:16.627165+00,,,PASIMARANNU,,,7301,
7301011,2020-12-16 00:06:16.629726+00,2020-12-16 00:06:16.629738+00,,,PASILAMBENA,,,7301,
7301020,2020-12-16 00:06:16.632166+00,2020-12-16 00:06:16.632179+00,,,PASIMASSUNGGU,,,7301,
7301021,2020-12-16 00:06:16.634555+00,2020-12-16 00:06:16.634569+00,,,TAKABONERATE,,,7301,
7301022,2020-12-16 00:06:16.636868+00,2020-12-16 00:06:16.636881+00,,,PASIMASSUNGGU TIMUR,,,7301,
7301030,2020-12-16 00:06:16.63928+00,2020-12-16 00:06:16.639294+00,,,BONTOSIKUYU,,,7301,
7301040,2020-12-16 00:06:16.641676+00,2020-12-16 00:06:16.641688+00,,,BONTOHARU,,,7301,
7301041,2020-12-16 00:06:16.643822+00,2020-12-16 00:06:16.643834+00,,,BENTENG,,,7301,
7301042,2020-12-16 00:06:16.64582+00,2020-12-16 00:06:16.645831+00,,,BONTOMANAI,,,7301,
7301050,2020-12-16 00:06:16.647832+00,2020-12-16 00:06:16.647843+00,,,BONTOMATENE,,,7301,
7301051,2020-12-16 00:06:16.649858+00,2020-12-16 00:06:16.64987+00,,,BUKI,,,7301,
7302010,2020-12-16 00:06:16.651971+00,2020-12-16 00:06:16.651988+00,,,GANTARANG,,,7302,
7302020,2020-12-16 00:06:16.654333+00,2020-12-16 00:06:16.654348+00,,,UJUNG BULU,,,7302,
7302021,2020-12-16 00:06:16.656569+00,2020-12-16 00:06:16.656582+00,,,UJUNG LOE,,,7302,
7302030,2020-12-16 00:06:16.658726+00,2020-12-16 00:06:16.658739+00,,,BONTO BAHARI,,,7302,
7302040,2020-12-16 00:06:16.66084+00,2020-12-16 00:06:16.660852+00,,,BONTOTIRO,,,7302,
7302050,2020-12-16 00:06:16.662894+00,2020-12-16 00:06:16.662906+00,,,HERO LANGE-LANGE,,,7302,
7302060,2020-12-16 00:06:16.665437+00,2020-12-16 00:06:16.66545+00,,,KAJANG,,,7302,
7302070,2020-12-16 00:06:16.668007+00,2020-12-16 00:06:16.66802+00,,,BULUKUMPA,,,7302,
7302080,2020-12-16 00:06:16.670399+00,2020-12-16 00:06:16.670412+00,,,RILAU ALE,,,7302,
7302090,2020-12-16 00:06:16.672832+00,2020-12-16 00:06:16.672844+00,,,KINDANG,,,7302,
7303010,2020-12-16 00:06:16.67522+00,2020-12-16 00:06:16.675234+00,,,BISSAPPU,,,7303,
7303011,2020-12-16 00:06:16.677686+00,2020-12-16 00:06:16.6777+00,,,ULUERE,,,7303,
7303012,2020-12-16 00:06:16.680534+00,2020-12-16 00:06:16.680548+00,,,SINOA,,,7303,
7303020,2020-12-16 00:06:16.683191+00,2020-12-16 00:06:16.683219+00,,,BANTAENG,,,7303,
7303021,2020-12-16 00:06:16.685459+00,2020-12-16 00:06:16.685471+00,,,EREMERASA,,,7303,
7303030,2020-12-16 00:06:16.687602+00,2020-12-16 00:06:16.687614+00,,,TOMPOBULU,,,7303,
7303031,2020-12-16 00:06:16.689666+00,2020-12-16 00:06:16.689678+00,,,PA'JUKUKANG,,,7303,
7303032,2020-12-16 00:06:16.69177+00,2020-12-16 00:06:16.691782+00,,,GANTARANGKEKE,,,7303,
7304010,2020-12-16 00:06:16.693786+00,2020-12-16 00:06:16.693798+00,,,BANGKALA,,,7304,
7304011,2020-12-16 00:06:16.696174+00,2020-12-16 00:06:16.696187+00,,,BANGKALA BARAT,,,7304,
7304020,2020-12-16 00:06:16.698364+00,2020-12-16 00:06:16.698376+00,,,TAMALATEA,,,7304,
7304021,2020-12-16 00:06:16.700441+00,2020-12-16 00:06:16.700453+00,,,BONTORAMBA,,,7304,
7304030,2020-12-16 00:06:16.702505+00,2020-12-16 00:06:16.702517+00,,,BINAMU,,,7304,
7304031,2020-12-16 00:06:16.704822+00,2020-12-16 00:06:16.704835+00,,,TURATEA,,,7304,
7304040,2020-12-16 00:06:16.706947+00,2020-12-16 00:06:16.70696+00,,,BATANG,,,7304,
7304041,2020-12-16 00:06:16.709132+00,2020-12-16 00:06:16.709145+00,,,ARUNGKEKE,,,7304,
7304042,2020-12-16 00:06:16.711309+00,2020-12-16 00:06:16.711322+00,,,TAROWANG,,,7304,
7304050,2020-12-16 00:06:16.713802+00,2020-12-16 00:06:16.713815+00,,,KELARA,,,7304,
7304051,2020-12-16 00:06:16.716044+00,2020-12-16 00:06:16.716056+00,,,RUMBIA,,,7304,
7305010,2020-12-16 00:06:16.718118+00,2020-12-16 00:06:16.71813+00,,,MANGARA BOMBANG,,,7305,
7305020,2020-12-16 00:06:16.720382+00,2020-12-16 00:06:16.720395+00,,,MAPPAKASUNGGU,,,7305,
7305021,2020-12-16 00:06:16.722401+00,2020-12-16 00:06:16.722413+00,,,SANROBONE,,,7305,
7305030,2020-12-16 00:06:16.724417+00,2020-12-16 00:06:16.72443+00,,,POLOMBANGKENG SELATAN,,,7305,
7305031,2020-12-16 00:06:16.726466+00,2020-12-16 00:06:16.726478+00,,,PATTALLASSANG,,,7305,
7305040,2020-12-16 00:06:16.728515+00,2020-12-16 00:06:16.728527+00,,,POLOMBANGKENG UTARA,,,7305,
7305050,2020-12-16 00:06:16.730335+00,2020-12-16 00:06:16.730347+00,,,GALESONG SELATAN,,,7305,
7305051,2020-12-16 00:06:16.732594+00,2020-12-16 00:06:16.732609+00,,,GALESONG,,,7305,
7305060,2020-12-16 00:06:16.735313+00,2020-12-16 00:06:16.735326+00,,,GALESONG UTARA,,,7305,
7306010,2020-12-16 00:06:16.737973+00,2020-12-16 00:06:16.737989+00,,,BONTONOMPO,,,7306,
7306011,2020-12-16 00:06:16.741266+00,2020-12-16 00:06:16.741313+00,,,BONTONOMPO SELATAN,,,7306,
7306020,2020-12-16 00:06:16.74585+00,2020-12-16 00:06:16.745897+00,,,BAJENG,,,7306,
7306021,2020-12-16 00:06:16.749957+00,2020-12-16 00:06:16.74997+00,,,BAJENG BARAT,,,7306,
7306030,2020-12-16 00:06:16.752742+00,2020-12-16 00:06:16.752756+00,,,PALLANGGA,,,7306,
7306031,2020-12-16 00:06:16.755386+00,2020-12-16 00:06:16.755403+00,,,BAROMBONG,,,7306,
7306040,2020-12-16 00:06:16.758844+00,2020-12-16 00:06:16.758871+00,,,SOMBA OPU,,,7306,
7306050,2020-12-16 00:06:16.762626+00,2020-12-16 00:06:16.762652+00,,,BONTOMARANNU,,,7306,
7306051,2020-12-16 00:06:16.766206+00,2020-12-16 00:06:16.76623+00,,,PATTALLASSANG,,,7306,
7306060,2020-12-16 00:06:16.769748+00,2020-12-16 00:06:16.769773+00,,,PARANGLOE,,,7306,
7306061,2020-12-16 00:06:16.773041+00,2020-12-16 00:06:16.773065+00,,,MANUJU,,,7306,
7306070,2020-12-16 00:06:16.776751+00,2020-12-16 00:06:16.776795+00,,,TINGGIMONCONG,,,7306,
7306071,2020-12-16 00:06:16.780881+00,2020-12-16 00:06:16.780924+00,,,TOMBOLO PAO,,,7306,
7306072,2020-12-16 00:06:16.784991+00,2020-12-16 00:06:16.785034+00,,,PARIGI,,,7306,
7306080,2020-12-16 00:06:16.787833+00,2020-12-16 00:06:16.787846+00,,,BUNGAYA,,,7306,
7306081,2020-12-16 00:06:16.790353+00,2020-12-16 00:06:16.790368+00,,,BONTOLEMPANGAN,,,7306,
7306090,2020-12-16 00:06:16.792966+00,2020-12-16 00:06:16.79298+00,,,TOMPOBULU,,,7306,
7306091,2020-12-16 00:06:16.795807+00,2020-12-16 00:06:16.795821+00,,,BIRINGBULU,,,7306,
7307010,2020-12-16 00:06:16.798752+00,2020-12-16 00:06:16.798766+00,,,SINJAI BARAT,,,7307,
7307020,2020-12-16 00:06:16.801507+00,2020-12-16 00:06:16.801521+00,,,SINJAI BORONG,,,7307,
7307030,2020-12-16 00:06:16.804855+00,2020-12-16 00:06:16.804895+00,,,SINJAI SELATAN,,,7307,
7307040,2020-12-16 00:06:16.808035+00,2020-12-16 00:06:16.808072+00,,,TELLU LIMPOE,,,7307,
7307050,2020-12-16 00:06:16.811319+00,2020-12-16 00:06:16.811356+00,,,SINJAI TIMUR,,,7307,
7307060,2020-12-16 00:06:16.814462+00,2020-12-16 00:06:16.814475+00,,,SINJAI TENGAH,,,7307,
7307070,2020-12-16 00:06:16.81667+00,2020-12-16 00:06:16.816683+00,,,SINJAI UTARA,,,7307,
7307080,2020-12-16 00:06:16.819079+00,2020-12-16 00:06:16.819093+00,,,BULUPODDO,,,7307,
7307090,2020-12-16 00:06:16.821358+00,2020-12-16 00:06:16.82137+00,,,PULAU SEMBILAN,,,7307,
7308010,2020-12-16 00:06:16.823514+00,2020-12-16 00:06:16.823527+00,,,MANDAI,,,7308,
7308011,2020-12-16 00:06:16.825846+00,2020-12-16 00:06:16.825859+00,,,MONCONGLOE,,,7308,
7308020,2020-12-16 00:06:16.828048+00,2020-12-16 00:06:16.82806+00,,,MAROS BARU,,,7308,
7308021,2020-12-16 00:06:16.830372+00,2020-12-16 00:06:16.830385+00,,,MARUSU,,,7308,
7308022,2020-12-16 00:06:16.832644+00,2020-12-16 00:06:16.832657+00,,,TURIKALE,,,7308,
7308023,2020-12-16 00:06:16.834743+00,2020-12-16 00:06:16.834755+00,,,LAU,,,7308,
7308030,2020-12-16 00:06:16.836746+00,2020-12-16 00:06:16.836758+00,,,BONTOA,,,7308,
7308040,2020-12-16 00:06:16.838839+00,2020-12-16 00:06:16.838851+00,,,BANTIMURUNG,,,7308,
7308041,2020-12-16 00:06:16.840895+00,2020-12-16 00:06:16.840907+00,,,SIMBANG,,,7308,
7308050,2020-12-16 00:06:16.842888+00,2020-12-16 00:06:16.842901+00,,,TANRALILI,,,7308,
7308051,2020-12-16 00:06:16.845004+00,2020-12-16 00:06:16.845017+00,,,TOMPU BULU,,,7308,
7308060,2020-12-16 00:06:16.847491+00,2020-12-16 00:06:16.847505+00,,,CAMBA,,,7308,
7308061,2020-12-16 00:06:16.849951+00,2020-12-16 00:06:16.849964+00,,,CENRANA,,,7308,
7308070,2020-12-16 00:06:16.85212+00,2020-12-16 00:06:16.852133+00,,,MALLAWA,,,7308,
7309010,2020-12-16 00:06:16.854268+00,2020-12-16 00:06:16.854279+00,,,LIUKANG TANGAYA,,,7309,
7309020,2020-12-16 00:06:16.856788+00,2020-12-16 00:06:16.856806+00,,,LIUKANG KALMAS,,,7309,
7309030,2020-12-16 00:06:16.859978+00,2020-12-16 00:06:16.859996+00,,,LIUKANG TUPABBIRING,,,7309,
7309031,2020-12-16 00:06:16.862982+00,2020-12-16 00:06:16.862997+00,,,LIUKANG TUPABBIRING UTARA,,,7309,
7309040,2020-12-16 00:06:16.865769+00,2020-12-16 00:06:16.865784+00,,,PANGKAJENE,,,7309,
7309041,2020-12-16 00:06:16.868405+00,2020-12-16 00:06:16.868419+00,,,MINASATENE,,,7309,
7309050,2020-12-16 00:06:16.87084+00,2020-12-16 00:06:16.870854+00,,,BALOCCI,,,7309,
7309051,2020-12-16 00:06:16.873528+00,2020-12-16 00:06:16.873543+00,,,TONDONG TALLASA,,,7309,
7309060,2020-12-16 00:06:16.876349+00,2020-12-16 00:06:16.876363+00,,,BUNGORO,,,7309,
7309070,2020-12-16 00:06:16.878846+00,2020-12-16 00:06:16.87886+00,,,LABAKKANG,,,7309,
7309080,2020-12-16 00:06:16.881501+00,2020-12-16 00:06:16.881523+00,,,MA'RANG,,,7309,
7309091,2020-12-16 00:06:16.88437+00,2020-12-16 00:06:16.884392+00,,,SEGERI,,,7309,
7309092,2020-12-16 00:06:16.887298+00,2020-12-16 00:06:16.887321+00,,,MANDALLE,,,7309,
7310010,2020-12-16 00:06:16.890255+00,2020-12-16 00:06:16.890277+00,,,TANETE RIAJA,,,7310,
7310011,2020-12-16 00:06:16.893304+00,2020-12-16 00:06:16.893329+00,,,PUJANANTING,,,7310,
7310020,2020-12-16 00:06:16.896741+00,2020-12-16 00:06:16.896766+00,,,TANETE RILAU,,,7310,
7310030,2020-12-16 00:06:16.899906+00,2020-12-16 00:06:16.899929+00,,,BARRU,,,7310,
7310040,2020-12-16 00:06:16.902796+00,2020-12-16 00:06:16.902808+00,,,SOPPENG RIAJA,,,7310,
7310041,2020-12-16 00:06:16.905494+00,2020-12-16 00:06:16.905507+00,,,BALUSU,,,7310,
7310050,2020-12-16 00:06:16.907892+00,2020-12-16 00:06:16.907905+00,,,MALLUSETASI,,,7310,
7311010,2020-12-16 00:06:16.911144+00,2020-12-16 00:06:16.911189+00,,,BONTOCANI,,,7311,
7311020,2020-12-16 00:06:16.915169+00,2020-12-16 00:06:16.915252+00,,,KAHU,,,7311,
7311030,2020-12-16 00:06:16.919109+00,2020-12-16 00:06:16.919152+00,,,KAJUARA,,,7311,
7311040,2020-12-16 00:06:16.923079+00,2020-12-16 00:06:16.923094+00,,,SALOMEKKO,,,7311,
7311050,2020-12-16 00:06:16.925519+00,2020-12-16 00:06:16.925533+00,,,TONRA,,,7311,
7311060,2020-12-16 00:06:16.928139+00,2020-12-16 00:06:16.928154+00,,,PATIMPENG,,,7311,
7311070,2020-12-16 00:06:16.930672+00,2020-12-16 00:06:16.930687+00,,,LIBURENG,,,7311,
7311080,2020-12-16 00:06:16.933074+00,2020-12-16 00:06:16.933088+00,,,MARE,,,7311,
7311090,2020-12-16 00:06:16.935536+00,2020-12-16 00:06:16.93555+00,,,SIBULUE,,,7311,
7311100,2020-12-16 00:06:16.937977+00,2020-12-16 00:06:16.937991+00,,,CINA,,,7311,
7311110,2020-12-16 00:06:16.940391+00,2020-12-16 00:06:16.940405+00,,,BAREBBO,,,7311,
7311120,2020-12-16 00:06:16.94279+00,2020-12-16 00:06:16.942805+00,,,PONRE,,,7311,
7311130,2020-12-16 00:06:16.945288+00,2020-12-16 00:06:16.945302+00,,,LAPPARIAJA,,,7311,
7311140,2020-12-16 00:06:16.947731+00,2020-12-16 00:06:16.947746+00,,,LAMURU,,,7311,
7311141,2020-12-16 00:06:16.950123+00,2020-12-16 00:06:16.950137+00,,,TELLU LIMPOE,,,7311,
7311150,2020-12-16 00:06:16.952733+00,2020-12-16 00:06:16.952748+00,,,BENGO,,,7311,
7311160,2020-12-16 00:06:16.955749+00,2020-12-16 00:06:16.955763+00,,,ULAWENG,,,7311,
7311170,2020-12-16 00:06:16.958174+00,2020-12-16 00:06:16.958188+00,,,PALAKKA,,,7311,
7311180,2020-12-16 00:06:16.961275+00,2020-12-16 00:06:16.961309+00,,,AWANGPONE,,,7311,
7311190,2020-12-16 00:06:16.964574+00,2020-12-16 00:06:16.964598+00,,,TELLU SIATTINGE,,,7311,
7311200,2020-12-16 00:06:16.967285+00,2020-12-16 00:06:16.967305+00,,,AMALI,,,7311,
7311210,2020-12-16 00:06:16.970016+00,2020-12-16 00:06:16.97004+00,,,AJANGALE,,,7311,
7311220,2020-12-16 00:06:16.972739+00,2020-12-16 00:06:16.972762+00,,,DUA BOCCOE,,,7311,
7311230,2020-12-16 00:06:16.975558+00,2020-12-16 00:06:16.975573+00,,,CENRANA,,,7311,
7311710,2020-12-16 00:06:16.978208+00,2020-12-16 00:06:16.978223+00,,,TANETE RIATTANG BARAT,,,7311,
7311720,2020-12-16 00:06:16.980767+00,2020-12-16 00:06:16.980781+00,,,TANETE RIATTANG,,,7311,
7311730,2020-12-16 00:06:16.983494+00,2020-12-16 00:06:16.983509+00,,,TANETE RIATTANG TIMUR,,,7311,
7312010,2020-12-16 00:06:16.986096+00,2020-12-16 00:06:16.986111+00,,,MARIO RIWAWO,,,7312,
7312020,2020-12-16 00:06:16.988685+00,2020-12-16 00:06:16.988699+00,,,LALABATA,,,7312,
7312030,2020-12-16 00:06:16.99125+00,2020-12-16 00:06:16.991265+00,,,LILI RIAJA,,,7312,
7312031,2020-12-16 00:06:16.993635+00,2020-12-16 00:06:16.99365+00,,,GANRA,,,7312,
7312032,2020-12-16 00:06:16.996268+00,2020-12-16 00:06:16.996283+00,,,CITTA,,,7312,
7312040,2020-12-16 00:06:16.998885+00,2020-12-16 00:06:16.998899+00,,,LILI RILAU,,,7312,
7312050,2020-12-16 00:06:17.001638+00,2020-12-16 00:06:17.001653+00,,,DONRI DONRI,,,7312,
7312060,2020-12-16 00:06:17.004096+00,2020-12-16 00:06:17.004112+00,,,MARIO RIAWA,,,7312,
7313010,2020-12-16 00:06:17.006663+00,2020-12-16 00:06:17.006677+00,,,SABBANG PARU,,,7313,
7313020,2020-12-16 00:06:17.009282+00,2020-12-16 00:06:17.009297+00,,,TEMPE,,,7313,
7313030,2020-12-16 00:06:17.012009+00,2020-12-16 00:06:17.012023+00,,,PAMMANA,,,7313,
7313040,2020-12-16 00:06:17.01464+00,2020-12-16 00:06:17.014654+00,,,BOLA,,,7313,
7313050,2020-12-16 00:06:17.017332+00,2020-12-16 00:06:17.017346+00,,,TAKKALALLA,,,7313,
7313060,2020-12-16 00:06:17.019873+00,2020-12-16 00:06:17.019886+00,,,SAJOANGING,,,7313,
7313061,2020-12-16 00:06:17.022648+00,2020-12-16 00:06:17.02268+00,,,PENRANG,,,7313,
7313070,2020-12-16 00:06:17.02619+00,2020-12-16 00:06:17.026221+00,,,MAJAULENG,,,7313,
7313080,2020-12-16 00:06:17.029886+00,2020-12-16 00:06:17.029919+00,,,TANA SITOLO,,,7313,
7313090,2020-12-16 00:06:17.03351+00,2020-12-16 00:06:17.033542+00,,,BELAWA,,,7313,
7313100,2020-12-16 00:06:17.036755+00,2020-12-16 00:06:17.036776+00,,,MANIANG PAJO,,,7313,
7313101,2020-12-16 00:06:17.039908+00,2020-12-16 00:06:17.039929+00,,,GILIRENG,,,7313,
7313110,2020-12-16 00:06:17.043089+00,2020-12-16 00:06:17.043111+00,,,KEERA,,,7313,
7313120,2020-12-16 00:06:17.046444+00,2020-12-16 00:06:17.046467+00,,,PITUMPANUA,,,7313,
7314010,2020-12-16 00:06:17.049618+00,2020-12-16 00:06:17.049641+00,,,PANCA LAUTANG,,,7314,
7314020,2020-12-16 00:06:17.05292+00,2020-12-16 00:06:17.052942+00,,,TELLULIMPO E,,,7314,
7314030,2020-12-16 00:06:17.056198+00,2020-12-16 00:06:17.056219+00,,,WATANG PULU,,,7314,
7314040,2020-12-16 00:06:17.059497+00,2020-12-16 00:06:17.059521+00,,,BARANTI,,,7314,
7314050,2020-12-16 00:06:17.062429+00,2020-12-16 00:06:17.062451+00,,,PANCA RIJANG,,,7314,
7314051,2020-12-16 00:06:17.065621+00,2020-12-16 00:06:17.065648+00,,,KULO,,,7314,
7314060,2020-12-16 00:06:17.070102+00,2020-12-16 00:06:17.070149+00,,,MARITENGNGAE,,,7314,
7314061,2020-12-16 00:06:17.074146+00,2020-12-16 00:06:17.074159+00,,,WATANG SIDENRENG,,,7314,
7314070,2020-12-16 00:06:17.076749+00,2020-12-16 00:06:17.076764+00,,,PITU RIAWA,,,7314,
7314080,2020-12-16 00:06:17.079916+00,2020-12-16 00:06:17.07993+00,,,DUAPITUE,,,7314,
7314081,2020-12-16 00:06:17.08291+00,2020-12-16 00:06:17.082925+00,,,PITU RIASE,,,7314,
7315010,2020-12-16 00:06:17.085919+00,2020-12-16 00:06:17.085934+00,,,SUPPA,,,7315,
7315020,2020-12-16 00:06:17.088637+00,2020-12-16 00:06:17.088652+00,,,MATTIROSOMPE,,,7315,
7315021,2020-12-16 00:06:17.091571+00,2020-12-16 00:06:17.091585+00,,,LANRISANG,,,7315,
7315030,2020-12-16 00:06:17.094638+00,2020-12-16 00:06:17.094653+00,,,MATTIRO BULU,,,7315,
7315040,2020-12-16 00:06:17.098022+00,2020-12-16 00:06:17.098044+00,,,WATANG SAWITTO,,,7315,
7315041,2020-12-16 00:06:17.101294+00,2020-12-16 00:06:17.101317+00,,,PALETEANG,,,7315,
7315042,2020-12-16 00:06:17.104364+00,2020-12-16 00:06:17.104388+00,,,TIROANG,,,7315,
7315050,2020-12-16 00:06:17.107417+00,2020-12-16 00:06:17.107442+00,,,PATAMPANUA,,,7315,
7315060,2020-12-16 00:06:17.110325+00,2020-12-16 00:06:17.11035+00,,,CEMPA,,,7315,
7315070,2020-12-16 00:06:17.113646+00,2020-12-16 00:06:17.113672+00,,,DUAMPANUA,,,7315,
7315071,2020-12-16 00:06:17.117175+00,2020-12-16 00:06:17.117202+00,,,BATULAPPA,,,7315,
7315080,2020-12-16 00:06:17.120298+00,2020-12-16 00:06:17.120313+00,,,LEMBANG,,,7315,
7316010,2020-12-16 00:06:17.123247+00,2020-12-16 00:06:17.123262+00,,,MAIWA,,,7316,
7316011,2020-12-16 00:06:17.126153+00,2020-12-16 00:06:17.126168+00,,,BUNGIN,,,7316,
7316020,2020-12-16 00:06:17.128785+00,2020-12-16 00:06:17.128798+00,,,ENREKANG,,,7316,
7316021,2020-12-16 00:06:17.131182+00,2020-12-16 00:06:17.131197+00,,,CENDANA,,,7316,
7316030,2020-12-16 00:06:17.133931+00,2020-12-16 00:06:17.133945+00,,,BARAKA,,,7316,
7316031,2020-12-16 00:06:17.136549+00,2020-12-16 00:06:17.136564+00,,,BUNTU BATU,,,7316,
7316040,2020-12-16 00:06:17.13914+00,2020-12-16 00:06:17.139155+00,,,ANGGERAJA,,,7316,
7316041,2020-12-16 00:06:17.14205+00,2020-12-16 00:06:17.142065+00,,,MALUA,,,7316,
7316050,2020-12-16 00:06:17.144834+00,2020-12-16 00:06:17.14485+00,,,ALLA,,,7316,
7316051,2020-12-16 00:06:17.147875+00,2020-12-16 00:06:17.14789+00,,,CURIO,,,7316,
7316052,2020-12-16 00:06:17.150851+00,2020-12-16 00:06:17.150866+00,,,MASALLE,,,7316,
7316053,2020-12-16 00:06:17.153584+00,2020-12-16 00:06:17.153599+00,,,BAROKO,,,7316,
7317010,2020-12-16 00:06:17.156652+00,2020-12-16 00:06:17.156666+00,,,LAROMPONG,,,7317,
7317011,2020-12-16 00:06:17.159506+00,2020-12-16 00:06:17.159521+00,,,LAROMPONG SELATAN,,,7317,
7317020,2020-12-16 00:06:17.162107+00,2020-12-16 00:06:17.162121+00,,,SULI,,,7317,
7317021,2020-12-16 00:06:17.164888+00,2020-12-16 00:06:17.16491+00,,,SULI BARAT,,,7317,
7317030,2020-12-16 00:06:17.1681+00,2020-12-16 00:06:17.168125+00,,,BELOPA,,,7317,
7317031,2020-12-16 00:06:17.171328+00,2020-12-16 00:06:17.171351+00,,,KAMANRE,,,7317,
7317032,2020-12-16 00:06:17.174241+00,2020-12-16 00:06:17.174269+00,,,BELOPA UTARA,,,7317,
7317040,2020-12-16 00:06:17.176852+00,2020-12-16 00:06:17.176866+00,,,BAJO,,,7317,
7317041,2020-12-16 00:06:17.17931+00,2020-12-16 00:06:17.179323+00,,,BAJO BARAT,,,7317,
7317050,2020-12-16 00:06:17.181483+00,2020-12-16 00:06:17.181495+00,,,BASSESANGTEMPE,,,7317,
7317051,2020-12-16 00:06:17.183594+00,2020-12-16 00:06:17.183607+00,,,LATIMOJONG,,,7317,
7317052,2020-12-16 00:06:17.185699+00,2020-12-16 00:06:17.185711+00,,,BASSESANGTEMPE UTARA,,,7317,
7317060,2020-12-16 00:06:17.187738+00,2020-12-16 00:06:17.187749+00,,,BUPON,,,7317,
7317061,2020-12-16 00:06:17.190301+00,2020-12-16 00:06:17.190314+00,,,PONRANG,,,7317,
7317062,2020-12-16 00:06:17.192514+00,2020-12-16 00:06:17.192527+00,,,PONRANG SELATAN,,,7317,
7317070,2020-12-16 00:06:17.195284+00,2020-12-16 00:06:17.195297+00,,,BUA,,,7317,
7317080,2020-12-16 00:06:17.19781+00,2020-12-16 00:06:17.197822+00,,,WALENRANG,,,7317,
7317081,2020-12-16 00:06:17.200206+00,2020-12-16 00:06:17.200218+00,,,WALENRANG TIMUR,,,7317,
7317090,2020-12-16 00:06:17.202381+00,2020-12-16 00:06:17.202394+00,,,LAMASI,,,7317,
7317091,2020-12-16 00:06:17.204777+00,2020-12-16 00:06:17.204791+00,,,WALENRANG UTARA,,,7317,
7317092,2020-12-16 00:06:17.206957+00,2020-12-16 00:06:17.206969+00,,,WALENRANG BARAT,,,7317,
7317093,2020-12-16 00:06:17.209084+00,2020-12-16 00:06:17.209097+00,,,LAMASI TIMUR,,,7317,
7318010,2020-12-16 00:06:17.211433+00,2020-12-16 00:06:17.211446+00,,,BONGGAKARADENG,,,7318,
7318011,2020-12-16 00:06:17.213574+00,2020-12-16 00:06:17.213586+00,,,SIMBUANG,,,7318,
7318012,2020-12-16 00:06:17.215713+00,2020-12-16 00:06:17.215724+00,,,RANO,,,7318,
7318013,2020-12-16 00:06:17.218046+00,2020-12-16 00:06:17.218058+00,,,MAPPAK,,,7318,
7318020,2020-12-16 00:06:17.220271+00,2020-12-16 00:06:17.220283+00,,,MENGKENDEK,,,7318,
7318021,2020-12-16 00:06:17.222537+00,2020-12-16 00:06:17.22255+00,,,GANDANG BATU SILANAN,,,7318,
7318030,2020-12-16 00:06:17.224739+00,2020-12-16 00:06:17.224752+00,,,SANGALLA,,,7318,
7318031,2020-12-16 00:06:17.226846+00,2020-12-16 00:06:17.226858+00,,,SANGALA SELATAN,,,7318,
7318032,2020-12-16 00:06:17.229184+00,2020-12-16 00:06:17.229197+00,,,SANGALLA UTARA,,,7318,
7318040,2020-12-16 00:06:17.231318+00,2020-12-16 00:06:17.231331+00,,,MAKALE,,,7318,
7318041,2020-12-16 00:06:17.233593+00,2020-12-16 00:06:17.233606+00,,,MAKALE SELATAN,,,7318,
7318042,2020-12-16 00:06:17.235717+00,2020-12-16 00:06:17.235729+00,,,MAKALE UTARA,,,7318,
7318050,2020-12-16 00:06:17.237807+00,2020-12-16 00:06:17.237818+00,,,SALUPUTTI,,,7318,
7318051,2020-12-16 00:06:17.239987+00,2020-12-16 00:06:17.239999+00,,,BITTUANG,,,7318,
7318052,2020-12-16 00:06:17.242141+00,2020-12-16 00:06:17.242153+00,,,REMBON,,,7318,
7318053,2020-12-16 00:06:17.244243+00,2020-12-16 00:06:17.244256+00,,,MASANDA,,,7318,
7318054,2020-12-16 00:06:17.246442+00,2020-12-16 00:06:17.246454+00,,,MALIMBONG BALEPE,,,7318,
7318061,2020-12-16 00:06:17.248596+00,2020-12-16 00:06:17.248609+00,,,RANTETAYO,,,7318,
7318067,2020-12-16 00:06:17.251129+00,2020-12-16 00:06:17.251142+00,,,KURRA,,,7318,
7322010,2020-12-16 00:06:17.253504+00,2020-12-16 00:06:17.253516+00,,,SABBANG,,,7322,
7322020,2020-12-16 00:06:17.255667+00,2020-12-16 00:06:17.255679+00,,,BAEBUNTA,,,7322,
7322030,2020-12-16 00:06:17.257839+00,2020-12-16 00:06:17.257851+00,,,MALANGKE,,,7322,
7322031,2020-12-16 00:06:17.259816+00,2020-12-16 00:06:17.259828+00,,,MALANGKE BARAT,,,7322,
7322040,2020-12-16 00:06:17.261927+00,2020-12-16 00:06:17.261939+00,,,SUKAMAJU,,,7322,
7322050,2020-12-16 00:06:17.264083+00,2020-12-16 00:06:17.264094+00,,,BONE-BONE,,,7322,
7322051,2020-12-16 00:06:17.266536+00,2020-12-16 00:06:17.26655+00,,,TANA LILI,,,7322,
7322120,2020-12-16 00:06:17.269092+00,2020-12-16 00:06:17.269104+00,,,MASAMBA,,,7322,
7322121,2020-12-16 00:06:17.271558+00,2020-12-16 00:06:17.271575+00,,,MAPPEDECENG,,,7322,
7322122,2020-12-16 00:06:17.274269+00,2020-12-16 00:06:17.274284+00,,,RAMPI,,,7322,
7322130,2020-12-16 00:06:17.276649+00,2020-12-16 00:06:17.276662+00,,,LIMBONG,,,7322,
7322131,2020-12-16 00:06:17.278989+00,2020-12-16 00:06:17.279002+00,,,SEKO,,,7322,
7325010,2020-12-16 00:06:17.281258+00,2020-12-16 00:06:17.28127+00,,,BURAU,,,7325,
7325020,2020-12-16 00:06:17.283421+00,2020-12-16 00:06:17.283432+00,,,WOTU,,,7325,
7325030,2020-12-16 00:06:17.28552+00,2020-12-16 00:06:17.285531+00,,,TOMONI,,,7325,
7325031,2020-12-16 00:06:17.287674+00,2020-12-16 00:06:17.287686+00,,,TOMONI TIMUR,,,7325,
7325040,2020-12-16 00:06:17.289782+00,2020-12-16 00:06:17.289794+00,,,ANGKONA,,,7325,
7325050,2020-12-16 00:06:17.291984+00,2020-12-16 00:06:17.291996+00,,,MALILI,,,7325,
7325060,2020-12-16 00:06:17.294121+00,2020-12-16 00:06:17.294134+00,,,TOWUTI,,,7325,
7325070,2020-12-16 00:06:17.296283+00,2020-12-16 00:06:17.296296+00,,,NUHA,,,7325,
7325071,2020-12-16 00:06:17.298893+00,2020-12-16 00:06:17.298906+00,,,WASUPONDA,,,7325,
7325080,2020-12-16 00:06:17.301505+00,2020-12-16 00:06:17.301518+00,,,MANGKUTANA,,,7325,
7325081,2020-12-16 00:06:17.303845+00,2020-12-16 00:06:17.303867+00,,,KALAENA,,,7325,
7326010,2020-12-16 00:06:17.306151+00,2020-12-16 00:06:17.306163+00,,,SOPAI,,,7326,
7326020,2020-12-16 00:06:17.308276+00,2020-12-16 00:06:17.308288+00,,,KESU,,,7326,
7326030,2020-12-16 00:06:17.310509+00,2020-12-16 00:06:17.310522+00,,,SANGGALANGI,,,7326,
7326040,2020-12-16 00:06:17.312921+00,2020-12-16 00:06:17.312934+00,,,BUNTAO,,,7326,
7326050,2020-12-16 00:06:17.31537+00,2020-12-16 00:06:17.315383+00,,,RANTEBUA,,,7326,
7326060,2020-12-16 00:06:17.318077+00,2020-12-16 00:06:17.318089+00,,,NANGGALA,,,7326,
7326070,2020-12-16 00:06:17.320814+00,2020-12-16 00:06:17.320827+00,,,TONDON,,,7326,
7326080,2020-12-16 00:06:17.323671+00,2020-12-16 00:06:17.32369+00,,,TALLUNGLIPU,,,7326,
7326090,2020-12-16 00:06:17.326532+00,2020-12-16 00:06:17.326545+00,,,RANTEPAO,,,7326,
7326100,2020-12-16 00:06:17.329056+00,2020-12-16 00:06:17.329071+00,,,TIKALA,,,7326,
7326110,2020-12-16 00:06:17.331528+00,2020-12-16 00:06:17.331559+00,,,SESEAN,,,7326,
7326120,2020-12-16 00:06:17.334524+00,2020-12-16 00:06:17.334552+00,,,BALUSU,,,7326,
7326130,2020-12-16 00:06:17.337379+00,2020-12-16 00:06:17.33741+00,,,SA'DAN,,,7326,
7326140,2020-12-16 00:06:17.340627+00,2020-12-16 00:06:17.340658+00,,,BENGKELEKILA,,,7326,
7326150,2020-12-16 00:06:17.344478+00,2020-12-16 00:06:17.344513+00,,,SESEAN SULOARA,,,7326,
7326160,2020-12-16 00:06:17.348156+00,2020-12-16 00:06:17.34817+00,,,KAPALA PITU,,,7326,
7326170,2020-12-16 00:06:17.350872+00,2020-12-16 00:06:17.350885+00,,,DENDE PIONGAN NAPO,,,7326,
7326180,2020-12-16 00:06:17.353595+00,2020-12-16 00:06:17.353609+00,,,AWAN RANTE KARUA,,,7326,
7326190,2020-12-16 00:06:17.356084+00,2020-12-16 00:06:17.356096+00,,,RINDINGALO,,,7326,
7326200,2020-12-16 00:06:17.35861+00,2020-12-16 00:06:17.358636+00,,,BUNTU PEPASAN,,,7326,
7326210,2020-12-16 00:06:17.36267+00,2020-12-16 00:06:17.36271+00,,,BARUPPU,,,7326,
7371010,2020-12-16 00:06:17.366905+00,2020-12-16 00:06:17.366946+00,,,MARISO,,,7371,
7371020,2020-12-16 00:06:17.370902+00,2020-12-16 00:06:17.370937+00,,,MAMAJANG,,,7371,
7371030,2020-12-16 00:06:17.374216+00,2020-12-16 00:06:17.374243+00,,,TAMALATE,,,7371,
7371031,2020-12-16 00:06:17.377447+00,2020-12-16 00:06:17.377487+00,,,RAPPOCINI,,,7371,
7371040,2020-12-16 00:06:17.380411+00,2020-12-16 00:06:17.380424+00,,,MAKASSAR,,,7371,
7371050,2020-12-16 00:06:17.38299+00,2020-12-16 00:06:17.383003+00,,,UJUNG PANDANG,,,7371,
7371060,2020-12-16 00:06:17.385556+00,2020-12-16 00:06:17.38557+00,,,WAJO,,,7371,
7371070,2020-12-16 00:06:17.387894+00,2020-12-16 00:06:17.387907+00,,,BONTOALA,,,7371,
7371080,2020-12-16 00:06:17.390051+00,2020-12-16 00:06:17.390063+00,,,UJUNG TANAH,,,7371,
7371090,2020-12-16 00:06:17.392194+00,2020-12-16 00:06:17.392205+00,,,TALLO,,,7371,
7371100,2020-12-16 00:06:17.394211+00,2020-12-16 00:06:17.394223+00,,,PANAKKUKANG,,,7371,
7371101,2020-12-16 00:06:17.396787+00,2020-12-16 00:06:17.396802+00,,,MANGGALA,,,7371,
7371110,2020-12-16 00:06:17.400051+00,2020-12-16 00:06:17.400066+00,,,BIRING KANAYA,,,7371,
7371111,2020-12-16 00:06:17.403141+00,2020-12-16 00:06:17.403155+00,,,TAMALANREA,,,7371,
7372010,2020-12-16 00:06:17.405982+00,2020-12-16 00:06:17.405995+00,,,BACUKIKI,,,7372,
7372011,2020-12-16 00:06:17.408424+00,2020-12-16 00:06:17.408436+00,,,BACUKIKI BARAT,,,7372,
7372020,2020-12-16 00:06:17.410967+00,2020-12-16 00:06:17.41098+00,,,UJUNG,,,7372,
7372030,2020-12-16 00:06:17.413661+00,2020-12-16 00:06:17.413681+00,,,SOREANG,,,7372,
7373010,2020-12-16 00:06:17.41609+00,2020-12-16 00:06:17.41611+00,,,WARA SELATAN,,,7373,
7373011,2020-12-16 00:06:17.418316+00,2020-12-16 00:06:17.418336+00,,,SENDANA,,,7373,
7373020,2020-12-16 00:06:17.420464+00,2020-12-16 00:06:17.420483+00,,,WARA,,,7373,
7373021,2020-12-16 00:06:17.422772+00,2020-12-16 00:06:17.422792+00,,,WARA TIMUR,,,7373,
7373022,2020-12-16 00:06:17.425399+00,2020-12-16 00:06:17.425421+00,,,MUNGKAJANG,,,7373,
7373030,2020-12-16 00:06:17.428022+00,2020-12-16 00:06:17.428044+00,,,WARA UTARA,,,7373,
7373031,2020-12-16 00:06:17.430721+00,2020-12-16 00:06:17.430742+00,,,BARA,,,7373,
7373040,2020-12-16 00:06:17.433313+00,2020-12-16 00:06:17.433328+00,,,TELLUWANUA,,,7373,
7373041,2020-12-16 00:06:17.435542+00,2020-12-16 00:06:17.435555+00,,,WARA BARAT,,,7373,
7401050,2020-12-16 00:06:17.437813+00,2020-12-16 00:06:17.437827+00,,,LASALIMU,,,7401,
7401051,2020-12-16 00:06:17.440196+00,2020-12-16 00:06:17.44021+00,,,LASALIMU SELATAN,,,7401,
7401052,2020-12-16 00:06:17.442604+00,2020-12-16 00:06:17.442618+00,,,SIONTAPINA,,,7401,
7401060,2020-12-16 00:06:17.444964+00,2020-12-16 00:06:17.444977+00,,,PASAR WAJO,,,7401,
7401061,2020-12-16 00:06:17.447023+00,2020-12-16 00:06:17.447035+00,,,WOLOWA,,,7401,
7401062,2020-12-16 00:06:17.448737+00,2020-12-16 00:06:17.448749+00,,,WABULA,,,7401,
7401110,2020-12-16 00:06:17.450433+00,2020-12-16 00:06:17.450445+00,,,KAPONTORI,,,7401,
7402010,2020-12-16 00:06:17.452175+00,2020-12-16 00:06:17.452187+00,,,TONGKUNO,,,7402,
7402011,2020-12-16 00:06:17.453822+00,2020-12-16 00:06:17.453833+00,,,TONGKUNO SELATAN,,,7402,
7402020,2020-12-16 00:06:17.455623+00,2020-12-16 00:06:17.455634+00,,,PARIGI,,,7402,
7402021,2020-12-16 00:06:17.457665+00,2020-12-16 00:06:17.457678+00,,,BONE,,,7402,
7402022,2020-12-16 00:06:17.459938+00,2020-12-16 00:06:17.45995+00,,,MAROBO,,,7402,
7402030,2020-12-16 00:06:17.462058+00,2020-12-16 00:06:17.462071+00,,,KABAWO,,,7402,
7402031,2020-12-16 00:06:17.463887+00,2020-12-16 00:06:17.463899+00,,,KABANGKA,,,7402,
7402032,2020-12-16 00:06:17.465844+00,2020-12-16 00:06:17.465857+00,,,KONTUKOWUNA,,,7402,
7402061,2020-12-16 00:06:17.467635+00,2020-12-16 00:06:17.467647+00,,,KONTUNAGA,,,7402,
7402062,2020-12-16 00:06:17.46933+00,2020-12-16 00:06:17.469342+00,,,WATOPUTE,,,7402,
7402070,2020-12-16 00:06:17.471062+00,2020-12-16 00:06:17.471074+00,,,KATOBU,,,7402,
7402071,2020-12-16 00:06:17.472817+00,2020-12-16 00:06:17.472831+00,,,LOHIA,,,7402,
7402072,2020-12-16 00:06:17.474566+00,2020-12-16 00:06:17.474579+00,,,DURUKA,,,7402,
7402073,2020-12-16 00:06:17.476638+00,2020-12-16 00:06:17.476657+00,,,BATALAIWORU,,,7402,
7402080,2020-12-16 00:06:17.479512+00,2020-12-16 00:06:17.479531+00,,,NAPABALANO,,,7402,
7402081,2020-12-16 00:06:17.482343+00,2020-12-16 00:06:17.482359+00,,,LASALEPA,,,7402,
7402083,2020-12-16 00:06:17.484884+00,2020-12-16 00:06:17.484899+00,,,TOWEA,,,7402,
7402090,2020-12-16 00:06:17.487973+00,2020-12-16 00:06:17.487988+00,,,WAKORUMBA SELATAN,,,7402,
7402091,2020-12-16 00:06:17.491065+00,2020-12-16 00:06:17.49108+00,,,PASIR PUTIH,,,7402,
7402092,2020-12-16 00:06:17.493898+00,2020-12-16 00:06:17.493913+00,,,PASI KOLAGA,,,7402,
7402111,2020-12-16 00:06:17.496524+00,2020-12-16 00:06:17.496538+00,,,MALIGANO,,,7402,
7402112,2020-12-16 00:06:17.499099+00,2020-12-16 00:06:17.499113+00,,,BATUKARA,,,7402,
7403090,2020-12-16 00:06:17.501673+00,2020-12-16 00:06:17.501688+00,,,SOROPIA,,,7403,
7403091,2020-12-16 00:06:17.504201+00,2020-12-16 00:06:17.504215+00,,,LALONGGASUMEETO,,,7403,
7403100,2020-12-16 00:06:17.506911+00,2020-12-16 00:06:17.506924+00,,,SAMPARA,,,7403,
7403101,2020-12-16 00:06:17.509806+00,2020-12-16 00:06:17.509837+00,,,BONDOALA,,,7403,
7403102,2020-12-16 00:06:17.513724+00,2020-12-16 00:06:17.51376+00,,,BESULUTU,,,7403,
7403103,2020-12-16 00:06:17.517402+00,2020-12-16 00:06:17.517454+00,,,KAPOIALA,,,7403,
7403104,2020-12-16 00:06:17.520961+00,2020-12-16 00:06:17.520998+00,,,ANGGALOMOARE,,,7403,
7403105,2020-12-16 00:06:17.523686+00,2020-12-16 00:06:17.523712+00,,,MOROSI,,,7403,
7403130,2020-12-16 00:06:17.526773+00,2020-12-16 00:06:17.526799+00,,,LAMBUYA,,,7403,
7403131,2020-12-16 00:06:17.529889+00,2020-12-16 00:06:17.529916+00,,,UEPAI,,,7403,
7403132,2020-12-16 00:06:17.533021+00,2020-12-16 00:06:17.533048+00,,,PURIALA,,,7403,
7403133,2020-12-16 00:06:17.536031+00,2020-12-16 00:06:17.536057+00,,,ONEMBUTE,,,7403,
7403140,2020-12-16 00:06:17.538987+00,2020-12-16 00:06:17.538999+00,,,PONDIDAHA,,,7403,
7403141,2020-12-16 00:06:17.541168+00,2020-12-16 00:06:17.54118+00,,,WONGGEDUKU,,,7403,
7403142,2020-12-16 00:06:17.543241+00,2020-12-16 00:06:17.543263+00,,,AMONGGEDO,,,7403,
7403143,2020-12-16 00:06:17.545303+00,2020-12-16 00:06:17.545314+00,,,WONGGEDUKU BARAT,,,7403,
7403150,2020-12-16 00:06:17.54736+00,2020-12-16 00:06:17.547371+00,,,WAWOTOBI,,,7403,
7403151,2020-12-16 00:06:17.549512+00,2020-12-16 00:06:17.549523+00,,,MELUHU,,,7403,
7403152,2020-12-16 00:06:17.551689+00,2020-12-16 00:06:17.551701+00,,,KONAWE,,,7403,
7403170,2020-12-16 00:06:17.553808+00,2020-12-16 00:06:17.55382+00,,,UNAAHA,,,7403,
7403171,2020-12-16 00:06:17.556188+00,2020-12-16 00:06:17.5562+00,,,ANGGABERI,,,7403,
7403180,2020-12-16 00:06:17.558572+00,2020-12-16 00:06:17.558584+00,,,ABUKI,,,7403,
7403181,2020-12-16 00:06:17.561352+00,2020-12-16 00:06:17.561367+00,,,LATOMA,,,7403,
7403182,2020-12-16 00:06:17.564583+00,2020-12-16 00:06:17.564598+00,,,TONGAUNA,,,7403,
7403183,2020-12-16 00:06:17.567281+00,2020-12-16 00:06:17.567296+00,,,ASINUA,,,7403,
7403184,2020-12-16 00:06:17.574106+00,2020-12-16 00:06:17.574131+00,,,PADANGGUNI,,,7403,
7403193,2020-12-16 00:06:17.579715+00,2020-12-16 00:06:17.57974+00,,,ROUTA,,,7403,
7404010,2020-12-16 00:06:17.583564+00,2020-12-16 00:06:17.583594+00,,,WATUBANGGA,,,7404,
7404011,2020-12-16 00:06:17.587518+00,2020-12-16 00:06:17.587544+00,,,TANGGETADA,,,7404,
7404012,2020-12-16 00:06:17.591129+00,2020-12-16 00:06:17.591155+00,,,TOARI,,,7404,
7404013,2020-12-16 00:06:17.594731+00,2020-12-16 00:06:17.594758+00,,,POLINGGONA,,,7404,
7404020,2020-12-16 00:06:17.598287+00,2020-12-16 00:06:17.598312+00,,,POMALAA,,,7404,
7404030,2020-12-16 00:06:17.601645+00,2020-12-16 00:06:17.601671+00,,,WUNDULAKO,,,7404,
7404031,2020-12-16 00:06:17.60485+00,2020-12-16 00:06:17.604874+00,,,BAULA,,,7404,
7404060,2020-12-16 00:06:17.608197+00,2020-12-16 00:06:17.608221+00,,,KOLAKA,,,7404,
7404061,2020-12-16 00:06:17.611661+00,2020-12-16 00:06:17.611686+00,,,LATAMBAGA,,,7404,
7404070,2020-12-16 00:06:17.615304+00,2020-12-16 00:06:17.61533+00,,,WOLO,,,7404,
7404071,2020-12-16 00:06:17.618655+00,2020-12-16 00:06:17.618679+00,,,SAMATURU,,,7404,
7404072,2020-12-16 00:06:17.622206+00,2020-12-16 00:06:17.622237+00,,,IWOIMENDAA,,,7404,
7405010,2020-12-16 00:06:17.62526+00,2020-12-16 00:06:17.625283+00,,,TINANGGEA,,,7405,
7405011,2020-12-16 00:06:17.628507+00,2020-12-16 00:06:17.628531+00,,,LALEMBUU,,,7405,
7405020,2020-12-16 00:06:17.631847+00,2020-12-16 00:06:17.631881+00,,,ANDOOLO,,,7405,
7405021,2020-12-16 00:06:17.635885+00,2020-12-16 00:06:17.635922+00,,,BUKE,,,7405,
7405022,2020-12-16 00:06:17.639703+00,2020-12-16 00:06:17.639734+00,,,ANDOOLO BARAT,,,7405,
7405030,2020-12-16 00:06:17.643961+00,2020-12-16 00:06:17.643992+00,,,PALANGGA,,,7405,
7405031,2020-12-16 00:06:17.647384+00,2020-12-16 00:06:17.647409+00,,,PALANGGA SELATAN,,,7405,
7405032,2020-12-16 00:06:17.650569+00,2020-12-16 00:06:17.650594+00,,,BAITO,,,7405,
7405040,2020-12-16 00:06:17.653801+00,2020-12-16 00:06:17.653841+00,,,LAINEA,,,7405,
7405041,2020-12-16 00:06:17.657097+00,2020-12-16 00:06:17.657122+00,,,LAEYA,,,7405,
7405050,2020-12-16 00:06:17.660206+00,2020-12-16 00:06:17.660228+00,,,KOLONO,,,7405,
7405051,2020-12-16 00:06:17.663175+00,2020-12-16 00:06:17.663198+00,,,KOLONO TIMUR,,,7405,
7405060,2020-12-16 00:06:17.666499+00,2020-12-16 00:06:17.666523+00,,,LAONTI,,,7405,
7405070,2020-12-16 00:06:17.669517+00,2020-12-16 00:06:17.669541+00,,,MORAMO,,,7405,
7405071,2020-12-16 00:06:17.672733+00,2020-12-16 00:06:17.672769+00,,,MORAMO UTARA,,,7405,
7405080,2020-12-16 00:06:17.675928+00,2020-12-16 00:06:17.675952+00,,,KONDA,,,7405,
7405081,2020-12-16 00:06:17.67907+00,2020-12-16 00:06:17.679094+00,,,WOLASI,,,7405,
7405090,2020-12-16 00:06:17.68209+00,2020-12-16 00:06:17.682113+00,,,RANOMEETO,,,7405,
7405091,2020-12-16 00:06:17.685487+00,2020-12-16 00:06:17.685514+00,,,RANOMEETO BARAT,,,7405,
7405100,2020-12-16 00:06:17.689074+00,2020-12-16 00:06:17.689099+00,,,LANDONO,,,7405,
7405101,2020-12-16 00:06:17.692231+00,2020-12-16 00:06:17.692255+00,,,MOWILA,,,7405,
7405102,2020-12-16 00:06:17.695169+00,2020-12-16 00:06:17.695193+00,,,SABULAKOA,,,7405,
7405110,2020-12-16 00:06:17.698357+00,2020-12-16 00:06:17.69838+00,,,ANGATA,,,7405,
7405111,2020-12-16 00:06:17.701324+00,2020-12-16 00:06:17.701345+00,,,BENUA,,,7405,
7405112,2020-12-16 00:06:17.704318+00,2020-12-16 00:06:17.704343+00,,,BASALA,,,7405,
7406010,2020-12-16 00:06:17.707397+00,2020-12-16 00:06:17.707419+00,,,KABAENA,,,7406,
7406011,2020-12-16 00:06:17.710329+00,2020-12-16 00:06:17.710351+00,,,KABAENA UTARA,,,7406,
7406012,2020-12-16 00:06:17.713628+00,2020-12-16 00:06:17.713649+00,,,KABAENA SELATAN,,,7406,
7406013,2020-12-16 00:06:17.716683+00,2020-12-16 00:06:17.716698+00,,,KABAENA BARAT,,,7406,
7406020,2020-12-16 00:06:17.71938+00,2020-12-16 00:06:17.719393+00,,,KABAENA TIMUR,,,7406,
7406021,2020-12-16 00:06:17.721849+00,2020-12-16 00:06:17.721863+00,,,KABAENA TENGAH,,,7406,
7406030,2020-12-16 00:06:17.724421+00,2020-12-16 00:06:17.724435+00,,,RUMBIA,,,7406,
7406031,2020-12-16 00:06:17.727158+00,2020-12-16 00:06:17.727172+00,,,MATA OLEO,,,7406,
7406032,2020-12-16 00:06:17.729901+00,2020-12-16 00:06:17.729914+00,,,KEP. MASALOKA RAYA,,,7406,
7406033,2020-12-16 00:06:17.732199+00,2020-12-16 00:06:17.732214+00,,,RUMBIA TENGAH,,,7406,
7406040,2020-12-16 00:06:17.734683+00,2020-12-16 00:06:17.734697+00,,,RAROWATU,,,7406,
7406041,2020-12-16 00:06:17.737212+00,2020-12-16 00:06:17.737226+00,,,RAROWATU UTARA,,,7406,
7406042,2020-12-16 00:06:17.73978+00,2020-12-16 00:06:17.739794+00,,,MATA USU,,,7406,
7406043,2020-12-16 00:06:17.742416+00,2020-12-16 00:06:17.742431+00,,,LANTARI JAYA,,,7406,
7406050,2020-12-16 00:06:17.745093+00,2020-12-16 00:06:17.745107+00,,,POLEANG TIMUR,,,7406,
7406051,2020-12-16 00:06:17.747776+00,2020-12-16 00:06:17.747791+00,,,POLEANG UTARA,,,7406,
7406052,2020-12-16 00:06:17.750391+00,2020-12-16 00:06:17.750405+00,,,POLEANG SELATAN,,,7406,
7406053,2020-12-16 00:06:17.753201+00,2020-12-16 00:06:17.753216+00,,,POLEANG TENGGARA,,,7406,
7406060,2020-12-16 00:06:17.755833+00,2020-12-16 00:06:17.755848+00,,,POLEANG,,,7406,
7406061,2020-12-16 00:06:17.758285+00,2020-12-16 00:06:17.7583+00,,,POLEANG BARAT,,,7406,
7406062,2020-12-16 00:06:17.760991+00,2020-12-16 00:06:17.761005+00,,,TONTONUNU,,,7406,
7406063,2020-12-16 00:06:17.763878+00,2020-12-16 00:06:17.763893+00,,,POLEANG TENGAH,,,7406,
7407010,2020-12-16 00:06:17.766932+00,2020-12-16 00:06:17.766946+00,,,BINONGKO,,,7407,
7407011,2020-12-16 00:06:17.770862+00,2020-12-16 00:06:17.770877+00,,,TOGO BINONGKO,,,7407,
7407020,2020-12-16 00:06:17.773876+00,2020-12-16 00:06:17.773891+00,,,TOMIA,,,7407,
7407021,2020-12-16 00:06:17.776602+00,2020-12-16 00:06:17.776616+00,,,TOMIA TIMUR,,,7407,
7407030,2020-12-16 00:06:17.779362+00,2020-12-16 00:06:17.779377+00,,,KALEDUPA,,,7407,
7407031,2020-12-16 00:06:17.782157+00,2020-12-16 00:06:17.782172+00,,,KALEDUPA SELATAN,,,7407,
7407040,2020-12-16 00:06:17.784873+00,2020-12-16 00:06:17.784888+00,,,WANGI-WANGI,,,7407,
7407050,2020-12-16 00:06:17.787581+00,2020-12-16 00:06:17.787595+00,,,WANGI-WANGI SELATAN,,,7407,
7408010,2020-12-16 00:06:17.79035+00,2020-12-16 00:06:17.790369+00,,,RANTEANGIN,,,7408,
7408011,2020-12-16 00:06:17.793073+00,2020-12-16 00:06:17.793087+00,,,LAMBAI,,,7408,
7408012,2020-12-16 00:06:17.795796+00,2020-12-16 00:06:17.79581+00,,,WAWO,,,7408,
7408020,2020-12-16 00:06:17.798147+00,2020-12-16 00:06:17.798159+00,,,LASUSUA,,,7408,
7408021,2020-12-16 00:06:17.800268+00,2020-12-16 00:06:17.80028+00,,,KATOI,,,7408,
7408030,2020-12-16 00:06:17.802372+00,2020-12-16 00:06:17.802384+00,,,KODEOHA,,,7408,
7408031,2020-12-16 00:06:17.804426+00,2020-12-16 00:06:17.804437+00,,,TIWU,,,7408,
7408040,2020-12-16 00:06:17.806529+00,2020-12-16 00:06:17.806541+00,,,NGAPA,,,7408,
7408041,2020-12-16 00:06:17.80904+00,2020-12-16 00:06:17.809056+00,,,WATUNOHU,,,7408,
7408050,2020-12-16 00:06:17.811513+00,2020-12-16 00:06:17.811527+00,,,PAKUE,,,7408,
7408051,2020-12-16 00:06:17.813827+00,2020-12-16 00:06:17.81384+00,,,PAKUE UTARA,,,7408,
7408052,2020-12-16 00:06:17.815972+00,2020-12-16 00:06:17.815984+00,,,PAKUE TENGAH,,,7408,
7408060,2020-12-16 00:06:17.818264+00,2020-12-16 00:06:17.818276+00,,,BATU PUTIH,,,7408,
7408061,2020-12-16 00:06:17.820462+00,2020-12-16 00:06:17.820475+00,,,POREHU,,,7408,
7408062,2020-12-16 00:06:17.822654+00,2020-12-16 00:06:17.822666+00,,,TOLALA,,,7408,
7409100,2020-12-16 00:06:17.825015+00,2020-12-16 00:06:17.825028+00,,,BONEGUNU,,,7409,
7409101,2020-12-16 00:06:17.827592+00,2020-12-16 00:06:17.827605+00,,,KAMBOWA,,,7409,
7409110,2020-12-16 00:06:17.830176+00,2020-12-16 00:06:17.83019+00,,,WAKORUMBA,,,7409,
7409120,2020-12-16 00:06:17.832508+00,2020-12-16 00:06:17.83252+00,,,KULISUSU,,,7409,
7409121,2020-12-16 00:06:17.834784+00,2020-12-16 00:06:17.834797+00,,,KULISUSU BARAT,,,7409,
7409122,2020-12-16 00:06:17.836945+00,2020-12-16 00:06:17.836957+00,,,KULISUSU UTARA,,,7409,
7410010,2020-12-16 00:06:17.839221+00,2020-12-16 00:06:17.839234+00,,,SAWA,,,7410,
7410011,2020-12-16 00:06:17.84159+00,2020-12-16 00:06:17.841602+00,,,MOTUI,,,7410,
7410020,2020-12-16 00:06:17.843689+00,2020-12-16 00:06:17.843701+00,,,LEMBO,,,7410,
7410030,2020-12-16 00:06:17.846261+00,2020-12-16 00:06:17.846274+00,,,LASOLO,,,7410,
7410040,2020-12-16 00:06:17.848638+00,2020-12-16 00:06:17.84865+00,,,MOLAWE,,,7410,
7410050,2020-12-16 00:06:17.850799+00,2020-12-16 00:06:17.850811+00,,,ASERA,,,7410,
7410051,2020-12-16 00:06:17.853024+00,2020-12-16 00:06:17.853041+00,,,ANDOWIA,,,7410,
7410052,2020-12-16 00:06:17.855249+00,2020-12-16 00:06:17.855262+00,,,OHEO,,,7410,
7410060,2020-12-16 00:06:17.857348+00,2020-12-16 00:06:17.85736+00,,,LANGGIKIMA,,,7410,
7410070,2020-12-16 00:06:17.859445+00,2020-12-16 00:06:17.859457+00,,,WIWIRANO,,,7410,
7411010,2020-12-16 00:06:17.861555+00,2020-12-16 00:06:17.861567+00,,,AERE,,,7411,
7411020,2020-12-16 00:06:17.863997+00,2020-12-16 00:06:17.864011+00,,,LAMBANDIA,,,7411,
7411030,2020-12-16 00:06:17.866237+00,2020-12-16 00:06:17.866249+00,,,POLI-POLIA,,,7411,
7411040,2020-12-16 00:06:17.868304+00,2020-12-16 00:06:17.868316+00,,,DANGIA,,,7411,
7411050,2020-12-16 00:06:17.870397+00,2020-12-16 00:06:17.870409+00,,,LADONGI,,,7411,
7411060,2020-12-16 00:06:17.872494+00,2020-12-16 00:06:17.872507+00,,,LOEA,,,7411,
7411070,2020-12-16 00:06:17.875398+00,2020-12-16 00:06:17.875413+00,,,TIRAWUTA,,,7411,
7411080,2020-12-16 00:06:17.878071+00,2020-12-16 00:06:17.878085+00,,,LALOLAE,,,7411,
7411090,2020-12-16 00:06:17.880799+00,2020-12-16 00:06:17.880812+00,,,MOWEWE,,,7411,
7411100,2020-12-16 00:06:17.883534+00,2020-12-16 00:06:17.883548+00,,,TINONDO,,,7411,
7411110,2020-12-16 00:06:17.886009+00,2020-12-16 00:06:17.886023+00,,,ULUIWOI,,,7411,
7411120,2020-12-16 00:06:17.888512+00,2020-12-16 00:06:17.888527+00,,,UEESI,,,7411,
7412010,2020-12-16 00:06:17.891065+00,2020-12-16 00:06:17.891083+00,,,WAWONII TENGGARA,,,7412,
7412020,2020-12-16 00:06:17.894077+00,2020-12-16 00:06:17.894095+00,,,WAWONII TIMUR,,,7412,
7412030,2020-12-16 00:06:17.896885+00,2020-12-16 00:06:17.896901+00,,,WAWONII TIMUR LAUT,,,7412,
7412040,2020-12-16 00:06:17.899801+00,2020-12-16 00:06:17.899816+00,,,WAWONII UTARA,,,7412,
7412050,2020-12-16 00:06:17.902413+00,2020-12-16 00:06:17.902426+00,,,WAWONII SELATAN,,,7412,
7412060,2020-12-16 00:06:17.904897+00,2020-12-16 00:06:17.904911+00,,,WAWONII TENGAH,,,7412,
7412070,2020-12-16 00:06:17.907758+00,2020-12-16 00:06:17.907787+00,,,WAWONII BARAT,,,7412,
7413010,2020-12-16 00:06:17.910606+00,2020-12-16 00:06:17.91063+00,,,TIWORO KEPULAUAN,,,7413,
7413020,2020-12-16 00:06:17.91381+00,2020-12-16 00:06:17.913836+00,,,MAGINTI,,,7413,
7413030,2020-12-16 00:06:17.916827+00,2020-12-16 00:06:17.916852+00,,,TIWORO TENGAH,,,7413,
7413040,2020-12-16 00:06:17.919558+00,2020-12-16 00:06:17.919573+00,,,TIWORO SELATAN,,,7413,
7413050,2020-12-16 00:06:17.921922+00,2020-12-16 00:06:17.921936+00,,,TIWORO UTARA,,,7413,
7413060,2020-12-16 00:06:17.924508+00,2020-12-16 00:06:17.924523+00,,,LAWA,,,7413,
7413070,2020-12-16 00:06:17.927172+00,2020-12-16 00:06:17.927187+00,,,SAWERIGADI,,,7413,
7413080,2020-12-16 00:06:17.929941+00,2020-12-16 00:06:17.929956+00,,,BARANGKA,,,7413,
7413090,2020-12-16 00:06:17.932692+00,2020-12-16 00:06:17.932706+00,,,WA DAGA,,,7413,
7413100,2020-12-16 00:06:17.93532+00,2020-12-16 00:06:17.935334+00,,,KUSAMBI,,,7413,
7413110,2020-12-16 00:06:17.937863+00,2020-12-16 00:06:17.937877+00,,,NAPANO KUSAMBI,,,7413,
7414010,2020-12-16 00:06:17.940373+00,2020-12-16 00:06:17.940388+00,,,TALAGA RAYA,,,7414,
7414020,2020-12-16 00:06:17.943197+00,2020-12-16 00:06:17.943228+00,,,MAWASANGKA,,,7414,
7414030,2020-12-16 00:06:17.94622+00,2020-12-16 00:06:17.946235+00,,,MAWASANGKA TENGAH,,,7414,
7414040,2020-12-16 00:06:17.949063+00,2020-12-16 00:06:17.949078+00,,,MAWASANGKA TIMUR,,,7414,
7414050,2020-12-16 00:06:17.951884+00,2020-12-16 00:06:17.951898+00,,,LAKUDO,,,7414,
7414060,2020-12-16 00:06:17.954373+00,2020-12-16 00:06:17.954388+00,,,GU,,,7414,
7414070,2020-12-16 00:06:17.956814+00,2020-12-16 00:06:17.956829+00,,,SANGIA WAMBULU,,,7414,
7415010,2020-12-16 00:06:17.95913+00,2020-12-16 00:06:17.959145+00,,,BATU ATAS,,,7415,
7415020,2020-12-16 00:06:17.961758+00,2020-12-16 00:06:17.961773+00,,,LAPANDEWA,,,7415,
7415030,2020-12-16 00:06:17.964366+00,2020-12-16 00:06:17.964381+00,,,SAMPOLAWA,,,7415,
7415040,2020-12-16 00:06:17.967046+00,2020-12-16 00:06:17.967062+00,,,BATAUGA,,,7415,
7415050,2020-12-16 00:06:17.969491+00,2020-12-16 00:06:17.969505+00,,,SIOMPU BARAT,,,7415,
7415060,2020-12-16 00:06:17.971892+00,2020-12-16 00:06:17.971906+00,,,SIOMPU,,,7415,
7415070,2020-12-16 00:06:17.974681+00,2020-12-16 00:06:17.97471+00,,,KADATUA,,,7415,
7471010,2020-12-16 00:06:17.97768+00,2020-12-16 00:06:17.977707+00,,,MANDONGA,,,7471,
7471011,2020-12-16 00:06:17.980791+00,2020-12-16 00:06:17.980819+00,,,BARUGA,,,7471,
7471012,2020-12-16 00:06:17.983761+00,2020-12-16 00:06:17.983775+00,,,PUUWATU,,,7471,
7471013,2020-12-16 00:06:17.986161+00,2020-12-16 00:06:17.986175+00,,,KADIA,,,7471,
7471014,2020-12-16 00:06:17.988467+00,2020-12-16 00:06:17.988482+00,,,WUA-WUA,,,7471,
7471020,2020-12-16 00:06:17.991041+00,2020-12-16 00:06:17.991055+00,,,POASIA,,,7471,
7471021,2020-12-16 00:06:17.993662+00,2020-12-16 00:06:17.993678+00,,,ABELI,,,7471,
7471022,2020-12-16 00:06:17.995906+00,2020-12-16 00:06:17.995923+00,,,KAMBU,,,7471,
7471030,2020-12-16 00:06:17.999728+00,2020-12-16 00:06:17.999764+00,,,KENDARI,,,7471,
7471031,2020-12-16 00:06:18.003224+00,2020-12-16 00:06:18.003268+00,,,KENDARI BARAT,,,7471,
7472010,2020-12-16 00:06:18.005774+00,2020-12-16 00:06:18.005786+00,,,BETOAMBARI,,,7472,
7472011,2020-12-16 00:06:18.008124+00,2020-12-16 00:06:18.008137+00,,,MURHUM,,,7472,
7472012,2020-12-16 00:06:18.010911+00,2020-12-16 00:06:18.010925+00,,,BATUPOARO,,,7472,
7472020,2020-12-16 00:06:18.013697+00,2020-12-16 00:06:18.013709+00,,,WOLIO,,,7472,
7472021,2020-12-16 00:06:18.01643+00,2020-12-16 00:06:18.016448+00,,,KOKALUKUNA,,,7472,
7472030,2020-12-16 00:06:18.020182+00,2020-12-16 00:06:18.020245+00,,,SORAWOLIO,,,7472,
7472040,2020-12-16 00:06:18.024022+00,2020-12-16 00:06:18.024058+00,,,BUNGI,,,7472,
7472041,2020-12-16 00:06:18.027819+00,2020-12-16 00:06:18.027855+00,,,LEA-LEA,,,7472,
7501031,2020-12-16 00:06:18.031289+00,2020-12-16 00:06:18.031304+00,,,MANANGGU,,,7501,
7501040,2020-12-16 00:06:18.0341+00,2020-12-16 00:06:18.034114+00,,,TILAMUTA,,,7501,
7501041,2020-12-16 00:06:18.037045+00,2020-12-16 00:06:18.03706+00,,,DULUPI,,,7501,
7501042,2020-12-16 00:06:18.040188+00,2020-12-16 00:06:18.040203+00,,,BOTUMOITO,,,7501,
7501050,2020-12-16 00:06:18.043245+00,2020-12-16 00:06:18.043269+00,,,PAGUYAMAN,,,7501,
7501051,2020-12-16 00:06:18.046036+00,2020-12-16 00:06:18.046059+00,,,WONOSARI,,,7501,
7501052,2020-12-16 00:06:18.049127+00,2020-12-16 00:06:18.049151+00,,,PAGUYAMAN PANTAI,,,7501,
7502010,2020-12-16 00:06:18.052328+00,2020-12-16 00:06:18.052352+00,,,BATUDAA PANTAI,,,7502,
7502011,2020-12-16 00:06:18.055346+00,2020-12-16 00:06:18.055368+00,,,BILUHU,,,7502,
7502020,2020-12-16 00:06:18.058572+00,2020-12-16 00:06:18.058596+00,,,BATUDAA,,,7502,
7502021,2020-12-16 00:06:18.061916+00,2020-12-16 00:06:18.061938+00,,,BONGOMEME,,,7502,
7502022,2020-12-16 00:06:18.065061+00,2020-12-16 00:06:18.065086+00,,,TABONGO,,,7502,
7502023,2020-12-16 00:06:18.068205+00,2020-12-16 00:06:18.06823+00,,,DUNGALIYO,,,7502,
7502030,2020-12-16 00:06:18.071398+00,2020-12-16 00:06:18.07142+00,,,TIBAWA,,,7502,
7502031,2020-12-16 00:06:18.074612+00,2020-12-16 00:06:18.074627+00,,,PULUBALA,,,7502,
7502040,2020-12-16 00:06:18.077392+00,2020-12-16 00:06:18.077406+00,,,BOLIYOHUTO,,,7502,
7502041,2020-12-16 00:06:18.080053+00,2020-12-16 00:06:18.080067+00,,,MOOTILANGO,,,7502,
7502042,2020-12-16 00:06:18.082466+00,2020-12-16 00:06:18.08248+00,,,TOLANGOHULA,,,7502,
7502043,2020-12-16 00:06:18.08533+00,2020-12-16 00:06:18.085345+00,,,ASPARAGA,,,7502,
7502044,2020-12-16 00:06:18.088255+00,2020-12-16 00:06:18.08827+00,,,BILATO,,,7502,
7502070,2020-12-16 00:06:18.090777+00,2020-12-16 00:06:18.090792+00,,,LIMBOTO,,,7502,
7502071,2020-12-16 00:06:18.09365+00,2020-12-16 00:06:18.093665+00,,,LIMBOTO BARAT,,,7502,
7502080,2020-12-16 00:06:18.097364+00,2020-12-16 00:06:18.097409+00,,,TELAGA,,,7502,
7502081,2020-12-16 00:06:18.101148+00,2020-12-16 00:06:18.101171+00,,,TELAGA BIRU,,,7502,
7502082,2020-12-16 00:06:18.104253+00,2020-12-16 00:06:18.104273+00,,,TILANGO,,,7502,
7502083,2020-12-16 00:06:18.107284+00,2020-12-16 00:06:18.107299+00,,,TELAGA JAYA,,,7502,
7503010,2020-12-16 00:06:18.11009+00,2020-12-16 00:06:18.110105+00,,,POPAYATO,,,7503,
7503011,2020-12-16 00:06:18.112852+00,2020-12-16 00:06:18.112866+00,,,POPAYATO BARAT,,,7503,
7503012,2020-12-16 00:06:18.11559+00,2020-12-16 00:06:18.115605+00,,,POPAYATO TIMUR,,,7503,
7503020,2020-12-16 00:06:18.118275+00,2020-12-16 00:06:18.11829+00,,,LEMITO,,,7503,
7503021,2020-12-16 00:06:18.120928+00,2020-12-16 00:06:18.120943+00,,,WANGGARASI,,,7503,
7503030,2020-12-16 00:06:18.123518+00,2020-12-16 00:06:18.123533+00,,,MARISA,,,7503,
7503031,2020-12-16 00:06:18.126007+00,2020-12-16 00:06:18.126021+00,,,PATILANGGIO,,,7503,
7503032,2020-12-16 00:06:18.128486+00,2020-12-16 00:06:18.1285+00,,,BUNTULIA,,,7503,
7503033,2020-12-16 00:06:18.130904+00,2020-12-16 00:06:18.130919+00,,,DUHIADAA,,,7503,
7503040,2020-12-16 00:06:18.133341+00,2020-12-16 00:06:18.133355+00,,,RANDANGAN,,,7503,
7503041,2020-12-16 00:06:18.135973+00,2020-12-16 00:06:18.135987+00,,,TALUDITI,,,7503,
7503050,2020-12-16 00:06:18.138963+00,2020-12-16 00:06:18.138977+00,,,PAGUAT,,,7503,
7503051,2020-12-16 00:06:18.141991+00,2020-12-16 00:06:18.142005+00,,,DENGILO,,,7503,
7504010,2020-12-16 00:06:18.144831+00,2020-12-16 00:06:18.144846+00,,,TAPA,,,7504,
7504011,2020-12-16 00:06:18.147793+00,2020-12-16 00:06:18.147808+00,,,BULANGO UTARA,,,7504,
7504012,2020-12-16 00:06:18.150458+00,2020-12-16 00:06:18.150473+00,,,BULANGO SELATAN,,,7504,
7504013,2020-12-16 00:06:18.15291+00,2020-12-16 00:06:18.152924+00,,,BULANGO TIMUR,,,7504,
7504014,2020-12-16 00:06:18.155627+00,2020-12-16 00:06:18.155641+00,,,BULANGO ULU,,,7504,
7504020,2020-12-16 00:06:18.158604+00,2020-12-16 00:06:18.158619+00,,,KABILA,,,7504,
7504021,2020-12-16 00:06:18.161817+00,2020-12-16 00:06:18.161832+00,,,BOTU PINGGE,,,7504,
7504022,2020-12-16 00:06:18.164753+00,2020-12-16 00:06:18.164768+00,,,TILONGKABILA,,,7504,
7504030,2020-12-16 00:06:18.167825+00,2020-12-16 00:06:18.167839+00,,,SUWAWA,,,7504,
7504031,2020-12-16 00:06:18.170438+00,2020-12-16 00:06:18.170452+00,,,SUWAWA SELATAN,,,7504,
7504032,2020-12-16 00:06:18.173273+00,2020-12-16 00:06:18.173295+00,,,SUWAWA TIMUR,,,7504,
7504033,2020-12-16 00:06:18.176171+00,2020-12-16 00:06:18.176193+00,,,SUWAWA TENGAH,,,7504,
7504034,2020-12-16 00:06:18.179425+00,2020-12-16 00:06:18.179449+00,,,PINOGU,,,7504,
7504040,2020-12-16 00:06:18.182584+00,2020-12-16 00:06:18.182607+00,,,BONEPANTAI,,,7504,
7504041,2020-12-16 00:06:18.185078+00,2020-12-16 00:06:18.185091+00,,,KABILA BONE,,,7504,
7504042,2020-12-16 00:06:18.187505+00,2020-12-16 00:06:18.18752+00,,,BONE RAYA,,,7504,
7504043,2020-12-16 00:06:18.190086+00,2020-12-16 00:06:18.1901+00,,,BONE,,,7504,
7504044,2020-12-16 00:06:18.192805+00,2020-12-16 00:06:18.19282+00,,,BULAWA,,,7504,
7505010,2020-12-16 00:06:18.195728+00,2020-12-16 00:06:18.195743+00,,,ATINGGOLA,,,7505,
7505011,2020-12-16 00:06:18.198327+00,2020-12-16 00:06:18.198341+00,,,GENTUMA RAYA,,,7505,
7505020,2020-12-16 00:06:18.201176+00,2020-12-16 00:06:18.201205+00,,,KWANDANG,,,7505,
7505021,2020-12-16 00:06:18.20428+00,2020-12-16 00:06:18.204296+00,,,TOMILITO,,,7505,
7505022,2020-12-16 00:06:18.207169+00,2020-12-16 00:06:18.207185+00,,,PONELO KEPULAUAN,,,7505,
7505030,2020-12-16 00:06:18.20978+00,2020-12-16 00:06:18.209793+00,,,ANGGREK,,,7505,
7505031,2020-12-16 00:06:18.212363+00,2020-12-16 00:06:18.212377+00,,,MONANO,,,7505,
7505040,2020-12-16 00:06:18.214907+00,2020-12-16 00:06:18.214921+00,,,SUMALATA,,,7505,
7505041,2020-12-16 00:06:18.21729+00,2020-12-16 00:06:18.217303+00,,,SUMALATA TIMUR,,,7505,
7505050,2020-12-16 00:06:18.220032+00,2020-12-16 00:06:18.220048+00,,,TOLINGGULA,,,7505,
7505051,2020-12-16 00:06:18.222804+00,2020-12-16 00:06:18.222835+00,,,BIAU,,,7505,
7571010,2020-12-16 00:06:18.225589+00,2020-12-16 00:06:18.225603+00,,,KOTA BARAT,,,7571,
7571011,2020-12-16 00:06:18.228067+00,2020-12-16 00:06:18.228082+00,,,DUNGINGI,,,7571,
7571020,2020-12-16 00:06:18.230572+00,2020-12-16 00:06:18.230587+00,,,KOTA SELATAN,,,7571,
7571021,2020-12-16 00:06:18.233301+00,2020-12-16 00:06:18.233316+00,,,KOTA TIMUR,,,7571,
7571022,2020-12-16 00:06:18.235923+00,2020-12-16 00:06:18.235935+00,,,HULONTHALANGI,,,7571,
7571023,2020-12-16 00:06:18.238456+00,2020-12-16 00:06:18.23847+00,,,DUMBO RAYA,,,7571,
7571030,2020-12-16 00:06:18.240887+00,2020-12-16 00:06:18.240899+00,,,KOTA UTARA,,,7571,
7571031,2020-12-16 00:06:18.243922+00,2020-12-16 00:06:18.243937+00,,,KOTA TENGAH,,,7571,
7571032,2020-12-16 00:06:18.246676+00,2020-12-16 00:06:18.246691+00,,,SIPATANA,,,7571,
7601010,2020-12-16 00:06:18.249389+00,2020-12-16 00:06:18.249403+00,,,BANGGAE,,,7601,
7601011,2020-12-16 00:06:18.25199+00,2020-12-16 00:06:18.252003+00,,,BANGGAE TIMUR,,,7601,
7601020,2020-12-16 00:06:18.254721+00,2020-12-16 00:06:18.254736+00,,,PAMBOANG,,,7601,
7601030,2020-12-16 00:06:18.257338+00,2020-12-16 00:06:18.257353+00,,,SENDANA,,,7601,
7601031,2020-12-16 00:06:18.259976+00,2020-12-16 00:06:18.25999+00,,,TAMMERODO,,,7601,
7601033,2020-12-16 00:06:18.262616+00,2020-12-16 00:06:18.26263+00,,,TUBO SENDANA,,,7601,
7601040,2020-12-16 00:06:18.265334+00,2020-12-16 00:06:18.265349+00,,,MALUNDA,,,7601,
7601041,2020-12-16 00:06:18.268321+00,2020-12-16 00:06:18.268342+00,,,ULUMANDA,,,7601,
7602010,2020-12-16 00:06:18.271608+00,2020-12-16 00:06:18.271632+00,,,TINAMBUNG,,,7602,
7602011,2020-12-16 00:06:18.274638+00,2020-12-16 00:06:18.274657+00,,,BALANIPA,,,7602,
7602012,2020-12-16 00:06:18.277791+00,2020-12-16 00:06:18.277815+00,,,LIMBORO,,,7602,
7602020,2020-12-16 00:06:18.280739+00,2020-12-16 00:06:18.280754+00,,,TUBBI TARAMANU,,,7602,
7602021,2020-12-16 00:06:18.283782+00,2020-12-16 00:06:18.283797+00,,,ALU,,,7602,
7602030,2020-12-16 00:06:18.286421+00,2020-12-16 00:06:18.286435+00,,,CAMPALAGIAN,,,7602,
7602031,2020-12-16 00:06:18.289284+00,2020-12-16 00:06:18.289298+00,,,LUYO,,,7602,
7602040,2020-12-16 00:06:18.292413+00,2020-12-16 00:06:18.292438+00,,,WONOMULYO,,,7602,
7602041,2020-12-16 00:06:18.295578+00,2020-12-16 00:06:18.295593+00,,,MAPILLI,,,7602,
7602042,2020-12-16 00:06:18.298564+00,2020-12-16 00:06:18.298579+00,,,TAPANGO,,,7602,
7602043,2020-12-16 00:06:18.301117+00,2020-12-16 00:06:18.301131+00,,,MATAKALI,,,7602,
7602044,2020-12-16 00:06:18.30371+00,2020-12-16 00:06:18.303734+00,,,B U L O,,,7602,
7602050,2020-12-16 00:06:18.306789+00,2020-12-16 00:06:18.306805+00,,,POLEWALI,,,7602,
7602051,2020-12-16 00:06:18.309544+00,2020-12-16 00:06:18.309558+00,,,BINUANG,,,7602,
7602052,2020-12-16 00:06:18.312167+00,2020-12-16 00:06:18.312181+00,,,ANREAPI,,,7602,
7602061,2020-12-16 00:06:18.314849+00,2020-12-16 00:06:18.314863+00,,,MATANGNGA,,,7602,
7603010,2020-12-16 00:06:18.317609+00,2020-12-16 00:06:18.317623+00,,,SUMARORONG,,,7603,
7603020,2020-12-16 00:06:18.320467+00,2020-12-16 00:06:18.320493+00,,,MESSAWA,,,7603,
7603030,2020-12-16 00:06:18.323443+00,2020-12-16 00:06:18.323485+00,,,PANA,,,7603,
7603031,2020-12-16 00:06:18.326972+00,2020-12-16 00:06:18.327008+00,,,NOSU,,,7603,
7603040,2020-12-16 00:06:18.330449+00,2020-12-16 00:06:18.330476+00,,,TABANG,,,7603,
7603050,2020-12-16 00:06:18.33355+00,2020-12-16 00:06:18.333578+00,,,MAMASA,,,7603,
7603060,2020-12-16 00:06:18.336807+00,2020-12-16 00:06:18.336834+00,,,TANDUK KALUA,,,7603,
7603061,2020-12-16 00:06:18.340116+00,2020-12-16 00:06:18.340143+00,,,BALLA,,,7603,
7603070,2020-12-16 00:06:18.343264+00,2020-12-16 00:06:18.343287+00,,,SESENAPADANG,,,7603,
7603071,2020-12-16 00:06:18.346265+00,2020-12-16 00:06:18.346287+00,,,TAWALIAN,,,7603,
7603080,2020-12-16 00:06:18.349258+00,2020-12-16 00:06:18.349281+00,,,MAMBI,,,7603,
7603081,2020-12-16 00:06:18.352216+00,2020-12-16 00:06:18.352239+00,,,BAMBANG,,,7603,
7603082,2020-12-16 00:06:18.355475+00,2020-12-16 00:06:18.3555+00,,,RANTEBULAHAN TIMUR,,,7603,
7603083,2020-12-16 00:06:18.358711+00,2020-12-16 00:06:18.358739+00,,,MEHALAAN,,,7603,
7603090,2020-12-16 00:06:18.361841+00,2020-12-16 00:06:18.361866+00,,,ARALLE,,,7603,
7603091,2020-12-16 00:06:18.365075+00,2020-12-16 00:06:18.365101+00,,,BUNTU MALANGKA,,,7603,
7603100,2020-12-16 00:06:18.368299+00,2020-12-16 00:06:18.368323+00,,,TABULAHAN,,,7603,
7604010,2020-12-16 00:06:18.371356+00,2020-12-16 00:06:18.371378+00,,,TAPALANG,,,7604,
7604011,2020-12-16 00:06:18.374712+00,2020-12-16 00:06:18.374745+00,,,TAPALANG BARAT,,,7604,
7604020,2020-12-16 00:06:18.378001+00,2020-12-16 00:06:18.378015+00,,,MAMUJU,,,7604,
7604022,2020-12-16 00:06:18.380527+00,2020-12-16 00:06:18.380542+00,,,SIMBORO,,,7604,
7604023,2020-12-16 00:06:18.382926+00,2020-12-16 00:06:18.38294+00,,,BALABALAKANG,,,7604,
7604030,2020-12-16 00:06:18.385495+00,2020-12-16 00:06:18.38551+00,,,KALUKKU,,,7604,
7604031,2020-12-16 00:06:18.38827+00,2020-12-16 00:06:18.388284+00,,,PAPALANG,,,7604,
7604032,2020-12-16 00:06:18.390771+00,2020-12-16 00:06:18.390785+00,,,SAMPAGA,,,7604,
7604033,2020-12-16 00:06:18.393453+00,2020-12-16 00:06:18.393468+00,,,TOMMO,,,7604,
7604040,2020-12-16 00:06:18.396177+00,2020-12-16 00:06:18.396191+00,,,KALUMPANG,,,7604,
7604041,2020-12-16 00:06:18.399078+00,2020-12-16 00:06:18.399092+00,,,BONEHAU,,,7604,
7605010,2020-12-16 00:06:18.401739+00,2020-12-16 00:06:18.401754+00,,,SARUDU,,,7605,
7605011,2020-12-16 00:06:18.404378+00,2020-12-16 00:06:18.404393+00,,,DAPURANG,,,7605,
7605012,2020-12-16 00:06:18.407407+00,2020-12-16 00:06:18.407439+00,,,DURIPOKU,,,7605,
7605020,2020-12-16 00:06:18.410711+00,2020-12-16 00:06:18.410729+00,,,BARAS,,,7605,
7605021,2020-12-16 00:06:18.413496+00,2020-12-16 00:06:18.413511+00,,,BULU TABA,,,7605,
7605022,2020-12-16 00:06:18.416139+00,2020-12-16 00:06:18.416153+00,,,LARIANG,,,7605,
7605030,2020-12-16 00:06:18.418561+00,2020-12-16 00:06:18.418575+00,,,PASANGKAYU,,,7605,
7605031,2020-12-16 00:06:18.421233+00,2020-12-16 00:06:18.421247+00,,,TIKKE RAYA,,,7605,
7605032,2020-12-16 00:06:18.42383+00,2020-12-16 00:06:18.423846+00,,,PEDONGGA,,,7605,
7605040,2020-12-16 00:06:18.426283+00,2020-12-16 00:06:18.426296+00,,,BAMBALAMOTU,,,7605,
7605041,2020-12-16 00:06:18.428905+00,2020-12-16 00:06:18.428919+00,,,BAMBAIRA,,,7605,
7605042,2020-12-16 00:06:18.431589+00,2020-12-16 00:06:18.431603+00,,,SARJO,,,7605,
7606010,2020-12-16 00:06:18.434128+00,2020-12-16 00:06:18.434143+00,,,PANGALE,,,7606,
7606020,2020-12-16 00:06:18.436871+00,2020-12-16 00:06:18.436885+00,,,BUDONG-BUDONG,,,7606,
7606030,2020-12-16 00:06:18.439719+00,2020-12-16 00:06:18.439734+00,,,TOBADAK,,,7606,
7606040,2020-12-16 00:06:18.44241+00,2020-12-16 00:06:18.442424+00,,,TOPOYO,,,7606,
7606050,2020-12-16 00:06:18.445086+00,2020-12-16 00:06:18.4451+00,,,KAROSSA,,,7606,
8101040,2020-12-16 00:06:18.447572+00,2020-12-16 00:06:18.447587+00,,,TANIMBAR SELATAN,,,8101,
8101041,2020-12-16 00:06:18.450512+00,2020-12-16 00:06:18.450526+00,,,WER TAMRIAN,,,8101,
8101042,2020-12-16 00:06:18.453518+00,2020-12-16 00:06:18.453533+00,,,WER MAKTIAN,,,8101,
8101043,2020-12-16 00:06:18.456531+00,2020-12-16 00:06:18.456546+00,,,SELARU,,,8101,
8101050,2020-12-16 00:06:18.4595+00,2020-12-16 00:06:18.459514+00,,,TANIMBAR UTARA,,,8101,
8101051,2020-12-16 00:06:18.462299+00,2020-12-16 00:06:18.462315+00,,,YARU,,,8101,
8101052,2020-12-16 00:06:18.465211+00,2020-12-16 00:06:18.465226+00,,,WUAR LABOBAR,,,8101,
8101053,2020-12-16 00:06:18.467741+00,2020-12-16 00:06:18.467756+00,,,NIRUNMAS,,,8101,
8101054,2020-12-16 00:06:18.470383+00,2020-12-16 00:06:18.470397+00,,,KORMOMOLIN,,,8101,
8101055,2020-12-16 00:06:18.472739+00,2020-12-16 00:06:18.472754+00,,,MOLU MARU,,,8101,
8102010,2020-12-16 00:06:18.475535+00,2020-12-16 00:06:18.47555+00,,,KEI KECIL,,,8102,
8102012,2020-12-16 00:06:18.478384+00,2020-12-16 00:06:18.478399+00,,,KEI KECIL BARAT,,,8102,
8102013,2020-12-16 00:06:18.481019+00,2020-12-16 00:06:18.481034+00,,,KEI KECIL TIMUR,,,8102,
8102014,2020-12-16 00:06:18.483544+00,2020-12-16 00:06:18.483558+00,,,HOAT SORBAY,,,8102,
8102015,2020-12-16 00:06:18.486613+00,2020-12-16 00:06:18.486628+00,,,MANYEUW,,,8102,
8102016,2020-12-16 00:06:18.489496+00,2020-12-16 00:06:18.48951+00,,,KEI KECIL TIMUR SELATAN,,,8102,
8102020,2020-12-16 00:06:18.492571+00,2020-12-16 00:06:18.492594+00,,,KEI BESAR,,,8102,
8102021,2020-12-16 00:06:18.495566+00,2020-12-16 00:06:18.495589+00,,,KEI BESAR UTARA TIMUR,,,8102,
8102022,2020-12-16 00:06:18.49849+00,2020-12-16 00:06:18.498513+00,,,KEI BESAR SELATAN,,,8102,
8102023,2020-12-16 00:06:18.501962+00,2020-12-16 00:06:18.501977+00,,,KEI BESAR UTARA BARAT,,,8102,
8102024,2020-12-16 00:06:18.504778+00,2020-12-16 00:06:18.504792+00,,,KEI BESAR SELATAN BARAT,,,8102,
8103010,2020-12-16 00:06:18.507251+00,2020-12-16 00:06:18.507266+00,,,BANDA,,,8103,
8103040,2020-12-16 00:06:18.509536+00,2020-12-16 00:06:18.509549+00,,,TEHORU,,,8103,
8103041,2020-12-16 00:06:18.512603+00,2020-12-16 00:06:18.512631+00,,,TELUTIH,,,8103,
8103050,2020-12-16 00:06:18.515484+00,2020-12-16 00:06:18.5155+00,,,AMAHAI,,,8103,
8103051,2020-12-16 00:06:18.518123+00,2020-12-16 00:06:18.518136+00,,,KOTA MASOHI,,,8103,
8103052,2020-12-16 00:06:18.520722+00,2020-12-16 00:06:18.520737+00,,,TELUK ELPAPUTIH,,,8103,
8103060,2020-12-16 00:06:18.523376+00,2020-12-16 00:06:18.523391+00,,,TEON NILA SERUA,,,8103,
8103080,2020-12-16 00:06:18.526716+00,2020-12-16 00:06:18.526731+00,,,SAPARUA,,,8103,
8103081,2020-12-16 00:06:18.52954+00,2020-12-16 00:06:18.529554+00,,,NUSALAUT,,,8103,
8103082,2020-12-16 00:06:18.532079+00,2020-12-16 00:06:18.532093+00,,,SAPARUA TIMUR,,,8103,
8103090,2020-12-16 00:06:18.534879+00,2020-12-16 00:06:18.534901+00,,,P. HARUKU,,,8103,
8103100,2020-12-16 00:06:18.537849+00,2020-12-16 00:06:18.537871+00,,,SALAHUTU,,,8103,
8103110,2020-12-16 00:06:18.540738+00,2020-12-16 00:06:18.540761+00,,,LEIHITU,,,8103,
8103111,2020-12-16 00:06:18.543648+00,2020-12-16 00:06:18.54367+00,,,LEIHITU BARAT,,,8103,
8103140,2020-12-16 00:06:18.546479+00,2020-12-16 00:06:18.546493+00,,,SERAM UTARA,,,8103,
8103141,2020-12-16 00:06:18.549268+00,2020-12-16 00:06:18.549283+00,,,SERAM UTARA BARAT,,,8103,
8103142,2020-12-16 00:06:18.55205+00,2020-12-16 00:06:18.552065+00,,,SERAM UTARA TIMUR KOBI,,,8103,
8103143,2020-12-16 00:06:18.554902+00,2020-12-16 00:06:18.554917+00,,,SERAM UTARA TIMUR SETI,,,8103,
8104020,2020-12-16 00:06:18.558098+00,2020-12-16 00:06:18.558128+00,,,NAMLEA,,,8104,
8104021,2020-12-16 00:06:18.561453+00,2020-12-16 00:06:18.561483+00,,,WAEAPO,,,8104,
8104022,2020-12-16 00:06:18.565144+00,2020-12-16 00:06:18.565177+00,,,WAPLAU,,,8104,
8104023,2020-12-16 00:06:18.568871+00,2020-12-16 00:06:18.568903+00,,,BATA BUAL,,,8104,
8104024,2020-12-16 00:06:18.57221+00,2020-12-16 00:06:18.572239+00,,,TELUK KAIELY,,,8104,
8104025,2020-12-16 00:06:18.575505+00,2020-12-16 00:06:18.575518+00,,,WAELATA,,,8104,
8104026,2020-12-16 00:06:18.578125+00,2020-12-16 00:06:18.578139+00,,,LOLONG GUBA,,,8104,
8104027,2020-12-16 00:06:18.5807+00,2020-12-16 00:06:18.580714+00,,,LILIALY,,,8104,
8104030,2020-12-16 00:06:18.583528+00,2020-12-16 00:06:18.583541+00,,,AIR BUAYA,,,8104,
8104031,2020-12-16 00:06:18.586278+00,2020-12-16 00:06:18.586291+00,,,FENA LEISELA,,,8104,
8105010,2020-12-16 00:06:18.588806+00,2020-12-16 00:06:18.588819+00,,,ARU SELATAN,,,8105,
8105011,2020-12-16 00:06:18.591383+00,2020-12-16 00:06:18.591398+00,,,ARU SELATAN TIMUR,,,8105,
8105012,2020-12-16 00:06:18.594055+00,2020-12-16 00:06:18.594068+00,,,ARU SELATAN UTARA,,,8105,
8105020,2020-12-16 00:06:18.5966+00,2020-12-16 00:06:18.596614+00,,,ARU TENGAH,,,8105,
8105021,2020-12-16 00:06:18.600133+00,2020-12-16 00:06:18.600146+00,,,ARU TENGAH TIMUR,,,8105,
8105022,2020-12-16 00:06:18.602562+00,2020-12-16 00:06:18.602574+00,,,ARU TENGAH SELATAN,,,8105,
8105030,2020-12-16 00:06:18.604727+00,2020-12-16 00:06:18.604739+00,,,PULAU-PULAU ARU,,,8105,
8105031,2020-12-16 00:06:18.607034+00,2020-12-16 00:06:18.607046+00,,,ARU UTARA,,,8105,
8105032,2020-12-16 00:06:18.609302+00,2020-12-16 00:06:18.609314+00,,,ARU UTARA TIMUR BATULEY,,,8105,
8105033,2020-12-16 00:06:18.611641+00,2020-12-16 00:06:18.611654+00,,,SIR-SIR,,,8105,
8106010,2020-12-16 00:06:18.614061+00,2020-12-16 00:06:18.614078+00,,,HUAMUAL BELAKANG,,,8106,
8106011,2020-12-16 00:06:18.616875+00,2020-12-16 00:06:18.616892+00,,,KEPULAUAN MANIPA,,,8106,
8106020,2020-12-16 00:06:18.61999+00,2020-12-16 00:06:18.620037+00,,,SERAM BARAT,,,8106,
8106021,2020-12-16 00:06:18.624324+00,2020-12-16 00:06:18.624367+00,,,HUAMUAL,,,8106,
8106030,2020-12-16 00:06:18.628853+00,2020-12-16 00:06:18.628897+00,,,KAIRATU,,,8106,
8106031,2020-12-16 00:06:18.632319+00,2020-12-16 00:06:18.632333+00,,,KAIRATU BARAT,,,8106,
8106032,2020-12-16 00:06:18.634873+00,2020-12-16 00:06:18.634887+00,,,INAMOSOL,,,8106,
8106033,2020-12-16 00:06:18.638327+00,2020-12-16 00:06:18.638354+00,,,AMALATU,,,8106,
8106034,2020-12-16 00:06:18.641183+00,2020-12-16 00:06:18.64121+00,,,ELPAPUTIH,,,8106,
8106040,2020-12-16 00:06:18.644154+00,2020-12-16 00:06:18.644182+00,,,TANIWEL,,,8106,
8106041,2020-12-16 00:06:18.647497+00,2020-12-16 00:06:18.647525+00,,,TANIWEL TIMUR,,,8106,
8107010,2020-12-16 00:06:18.650764+00,2020-12-16 00:06:18.650779+00,,,PULAU GOROM,,,8107,
8107011,2020-12-16 00:06:18.653349+00,2020-12-16 00:06:18.653365+00,,,WAKATE,,,8107,
8107012,2020-12-16 00:06:18.65603+00,2020-12-16 00:06:18.656045+00,,,TEOR,,,8107,
8107013,2020-12-16 00:06:18.658746+00,2020-12-16 00:06:18.658761+00,,,GOROM TIMUR,,,8107,
8107014,2020-12-16 00:06:18.661494+00,2020-12-16 00:06:18.661508+00,,,PULAU PANJANG,,,8107,
8107020,2020-12-16 00:06:18.664388+00,2020-12-16 00:06:18.664402+00,,,SERAM TIMUR,,,8107,
8107021,2020-12-16 00:06:18.66687+00,2020-12-16 00:06:18.666885+00,,,TUTUK TOLU,,,8107,
8107022,2020-12-16 00:06:18.669207+00,2020-12-16 00:06:18.669221+00,,,KILMURY,,,8107,
8107023,2020-12-16 00:06:18.671608+00,2020-12-16 00:06:18.671622+00,,,LIAN VITU,,,8107,
8107024,2020-12-16 00:06:18.674245+00,2020-12-16 00:06:18.674261+00,,,KIAN DARAT,,,8107,
8107030,2020-12-16 00:06:18.676854+00,2020-12-16 00:06:18.676869+00,,,WERINAMA,,,8107,
8107031,2020-12-16 00:06:18.679653+00,2020-12-16 00:06:18.679668+00,,,SIWALALAT,,,8107,
8107040,2020-12-16 00:06:18.682391+00,2020-12-16 00:06:18.682406+00,,,BULA,,,8107,
8107041,2020-12-16 00:06:18.68488+00,2020-12-16 00:06:18.684894+00,,,BULA BARAT,,,8107,
8107042,2020-12-16 00:06:18.68771+00,2020-12-16 00:06:18.687725+00,,,TELUK WARU,,,8107,
8108010,2020-12-16 00:06:18.690785+00,2020-12-16 00:06:18.6908+00,,,WETAR,,,8108,
8108011,2020-12-16 00:06:18.693611+00,2020-12-16 00:06:18.693625+00,,,WETAR BARAT,,,8108,
8108012,2020-12-16 00:06:18.696394+00,2020-12-16 00:06:18.696408+00,,,WETAR UTARA,,,8108,
8108013,2020-12-16 00:06:18.69913+00,2020-12-16 00:06:18.699145+00,,,WETAR TIMUR,,,8108,
8108020,2020-12-16 00:06:18.70175+00,2020-12-16 00:06:18.701764+00,,,PP. TERSELATAN,,,8108,
8108021,2020-12-16 00:06:18.704516+00,2020-12-16 00:06:18.704538+00,,,KISAR UTARA,,,8108,
8108022,2020-12-16 00:06:18.707368+00,2020-12-16 00:06:18.707389+00,,,KEPULAUAN ROMANG,,,8108,
8108030,2020-12-16 00:06:18.71027+00,2020-12-16 00:06:18.710293+00,,,LETTI,,,8108,
8108041,2020-12-16 00:06:18.713303+00,2020-12-16 00:06:18.713326+00,,,MOA,,,8108,
8108042,2020-12-16 00:06:18.716816+00,2020-12-16 00:06:18.716843+00,,,LAKOR,,,8108,
8108050,2020-12-16 00:06:18.720508+00,2020-12-16 00:06:18.72055+00,,,DAMER,,,8108,
8108060,2020-12-16 00:06:18.724349+00,2020-12-16 00:06:18.724385+00,,,MDONA HIERA,,,8108,
8108070,2020-12-16 00:06:18.72782+00,2020-12-16 00:06:18.727854+00,,,PP. BABAR,,,8108,
8108071,2020-12-16 00:06:18.730892+00,2020-12-16 00:06:18.730904+00,,,PULAU WETANG,,,8108,
8108080,2020-12-16 00:06:18.733105+00,2020-12-16 00:06:18.733117+00,,,BABAR TIMUR,,,8108,
8108081,2020-12-16 00:06:18.735633+00,2020-12-16 00:06:18.735669+00,,,PULAU MASELA,,,8108,
8108082,2020-12-16 00:06:18.73943+00,2020-12-16 00:06:18.739467+00,,,DAWELOR DAWERA,,,8108,
8109010,2020-12-16 00:06:18.742929+00,2020-12-16 00:06:18.742965+00,,,KEPALA MADAN,,,8109,
8109020,2020-12-16 00:06:18.746255+00,2020-12-16 00:06:18.74627+00,,,LEKSULA,,,8109,
8109021,2020-12-16 00:06:18.748695+00,2020-12-16 00:06:18.748709+00,,,FENA FAFAN,,,8109,
8109030,2020-12-16 00:06:18.751324+00,2020-12-16 00:06:18.751339+00,,,NAMROLE,,,8109,
8109040,2020-12-16 00:06:18.754037+00,2020-12-16 00:06:18.754052+00,,,WAISAMA,,,8109,
8109050,2020-12-16 00:06:18.756715+00,2020-12-16 00:06:18.756729+00,,,AMBALAU,,,8109,
8171010,2020-12-16 00:06:18.759443+00,2020-12-16 00:06:18.759458+00,,,NUSANIWE,,,8171,
8171020,2020-12-16 00:06:18.762156+00,2020-12-16 00:06:18.762171+00,,,SIRIMAU,,,8171,
8171021,2020-12-16 00:06:18.764636+00,2020-12-16 00:06:18.76465+00,,,LEITIMUR SELATAN,,,8171,
8171030,2020-12-16 00:06:18.767129+00,2020-12-16 00:06:18.767143+00,,,TELUK AMBON BAGUALA,,,8171,
8171031,2020-12-16 00:06:18.769578+00,2020-12-16 00:06:18.769593+00,,,TELUK AMBON,,,8171,
8172010,2020-12-16 00:06:18.772198+00,2020-12-16 00:06:18.772213+00,,,PP. KUR,,,8172,
8172011,2020-12-16 00:06:18.7748+00,2020-12-16 00:06:18.774814+00,,,KUR SELATAN,,,8172,
8172020,2020-12-16 00:06:18.777784+00,2020-12-16 00:06:18.777799+00,,,TAYANDO TAM,,,8172,
8172030,2020-12-16 00:06:18.780687+00,2020-12-16 00:06:18.780702+00,,,PULAU DULLAH UTARA,,,8172,
8172040,2020-12-16 00:06:18.783541+00,2020-12-16 00:06:18.783556+00,,,PULAU DULLAH SELATAN,,,8172,
8201090,2020-12-16 00:06:18.786469+00,2020-12-16 00:06:18.786484+00,,,JAILOLO,,,8201,
8201091,2020-12-16 00:06:18.789306+00,2020-12-16 00:06:18.789321+00,,,JAILOLO SELATAN,,,8201,
8201100,2020-12-16 00:06:18.792182+00,2020-12-16 00:06:18.792197+00,,,SAHU,,,8201,
8201101,2020-12-16 00:06:18.794832+00,2020-12-16 00:06:18.794846+00,,,SAHU TIMUR,,,8201,
8201130,2020-12-16 00:06:18.797453+00,2020-12-16 00:06:18.797467+00,,,IBU,,,8201,
8201131,2020-12-16 00:06:18.799976+00,2020-12-16 00:06:18.79999+00,,,IBU SELATAN,,,8201,
8201132,2020-12-16 00:06:18.802791+00,2020-12-16 00:06:18.802807+00,,,TABARU,,,8201,
8201140,2020-12-16 00:06:18.805535+00,2020-12-16 00:06:18.80555+00,,,LOLODA,,,8201,
8202030,2020-12-16 00:06:18.808105+00,2020-12-16 00:06:18.80812+00,,,WEDA,,,8202,
8202031,2020-12-16 00:06:18.810654+00,2020-12-16 00:06:18.810669+00,,,WEDA SELATAN,,,8202,
8202032,2020-12-16 00:06:18.813761+00,2020-12-16 00:06:18.813776+00,,,WEDA UTARA,,,8202,
8202033,2020-12-16 00:06:18.816761+00,2020-12-16 00:06:18.816776+00,,,WEDA TENGAH,,,8202,
8202034,2020-12-16 00:06:18.819547+00,2020-12-16 00:06:18.819562+00,,,WEDA TIMUR,,,8202,
8202041,2020-12-16 00:06:18.822685+00,2020-12-16 00:06:18.822711+00,,,PULAU GEBE,,,8202,
8202042,2020-12-16 00:06:18.82579+00,2020-12-16 00:06:18.825806+00,,,PATANI,,,8202,
8202043,2020-12-16 00:06:18.828983+00,2020-12-16 00:06:18.828998+00,,,PATANI UTARA,,,8202,
8202044,2020-12-16 00:06:18.831871+00,2020-12-16 00:06:18.831886+00,,,PATANI BARAT,,,8202,
8202045,2020-12-16 00:06:18.834698+00,2020-12-16 00:06:18.834713+00,,,PATANI TIMUR,,,8202,
8203010,2020-12-16 00:06:18.83753+00,2020-12-16 00:06:18.837544+00,,,SULA BESI BARAT,,,8203,
8203011,2020-12-16 00:06:18.840315+00,2020-12-16 00:06:18.84033+00,,,SULABESI SELATAN,,,8203,
8203020,2020-12-16 00:06:18.843118+00,2020-12-16 00:06:18.843133+00,,,SANANA,,,8203,
8203021,2020-12-16 00:06:18.845741+00,2020-12-16 00:06:18.845756+00,,,SULA BESI TENGAH,,,8203,
8203022,2020-12-16 00:06:18.848264+00,2020-12-16 00:06:18.848278+00,,,SULABESI TIMUR,,,8203,
8203023,2020-12-16 00:06:18.850808+00,2020-12-16 00:06:18.850822+00,,,SANANA UTARA,,,8203,
8203030,2020-12-16 00:06:18.853523+00,2020-12-16 00:06:18.853538+00,,,MANGOLI TIMUR,,,8203,
8203031,2020-12-16 00:06:18.856831+00,2020-12-16 00:06:18.856854+00,,,MANGOLI TENGAH,,,8203,
8203032,2020-12-16 00:06:18.859836+00,2020-12-16 00:06:18.859858+00,,,MANGOLI UTARA TIMUR,,,8203,
8203040,2020-12-16 00:06:18.862732+00,2020-12-16 00:06:18.862755+00,,,MANGOLI BARAT,,,8203,
8203041,2020-12-16 00:06:18.865804+00,2020-12-16 00:06:18.865827+00,,,MANGOLI UTARA,,,8203,
8203042,2020-12-16 00:06:18.869037+00,2020-12-16 00:06:18.869062+00,,,MANGOLI SELATAN,,,8203,
8204010,2020-12-16 00:06:18.872352+00,2020-12-16 00:06:18.872377+00,,,OBI SELATAN,,,8204,
8204020,2020-12-16 00:06:18.875663+00,2020-12-16 00:06:18.875689+00,,,OBI,,,8204,
8204021,2020-12-16 00:06:18.878754+00,2020-12-16 00:06:18.878776+00,,,OBI BARAT,,,8204,
8204022,2020-12-16 00:06:18.881818+00,2020-12-16 00:06:18.881841+00,,,OBI TIMUR,,,8204,
8204023,2020-12-16 00:06:18.884996+00,2020-12-16 00:06:18.885016+00,,,OBI UTARA,,,8204,
8204030,2020-12-16 00:06:18.887874+00,2020-12-16 00:06:18.887894+00,,,BACAN,,,8204,
8204031,2020-12-16 00:06:18.891336+00,2020-12-16 00:06:18.89136+00,,,MANDIOLI SELATAN,,,8204,
8204032,2020-12-16 00:06:18.894519+00,2020-12-16 00:06:18.894542+00,,,MANDIOLI UTARA,,,8204,
8204033,2020-12-16 00:06:18.897228+00,2020-12-16 00:06:18.897249+00,,,BACAN SELATAN,,,8204,
8204034,2020-12-16 00:06:18.899679+00,2020-12-16 00:06:18.8997+00,,,BATANG LOMANG,,,8204,
8204040,2020-12-16 00:06:18.902573+00,2020-12-16 00:06:18.902595+00,,,BACAN TIMUR,,,8204,
8204041,2020-12-16 00:06:18.905463+00,2020-12-16 00:06:18.905488+00,,,BACAN TIMUR SELATAN,,,8204,
8204042,2020-12-16 00:06:18.908178+00,2020-12-16 00:06:18.9082+00,,,BACAN TIMUR TENGAH,,,8204,
8204050,2020-12-16 00:06:18.911134+00,2020-12-16 00:06:18.911156+00,,,BACAN BARAT,,,8204,
8204051,2020-12-16 00:06:18.914569+00,2020-12-16 00:06:18.914593+00,,,KASIRUTA BARAT,,,8204,
8204052,2020-12-16 00:06:18.917839+00,2020-12-16 00:06:18.917862+00,,,KASIRUTA TIMUR,,,8204,
8204053,2020-12-16 00:06:18.920929+00,2020-12-16 00:06:18.92095+00,,,BACAN BARAT UTARA,,,8204,
8204060,2020-12-16 00:06:18.923798+00,2020-12-16 00:06:18.923818+00,,,KAYOA,,,8204,
8204061,2020-12-16 00:06:18.92703+00,2020-12-16 00:06:18.927057+00,,,KAYOA BARAT,,,8204,
8204062,2020-12-16 00:06:18.930444+00,2020-12-16 00:06:18.930467+00,,,KAYOA SELATAN,,,8204,
8204063,2020-12-16 00:06:18.933096+00,2020-12-16 00:06:18.933118+00,,,KAYOA UTARA,,,8204,
8204070,2020-12-16 00:06:18.935731+00,2020-12-16 00:06:18.935751+00,,,PULAU MAKIAN,,,8204,
8204071,2020-12-16 00:06:18.938144+00,2020-12-16 00:06:18.938163+00,,,MAKIAN BARAT,,,8204,
8204080,2020-12-16 00:06:18.940733+00,2020-12-16 00:06:18.940754+00,,,GANE BARAT,,,8204,
8204081,2020-12-16 00:06:18.943465+00,2020-12-16 00:06:18.943486+00,,,GANE BARAT SELATAN,,,8204,
8204082,2020-12-16 00:06:18.945951+00,2020-12-16 00:06:18.945971+00,,,GANE BARAT UTARA,,,8204,
8204083,2020-12-16 00:06:18.948605+00,2020-12-16 00:06:18.948624+00,,,KEPULAUAN JORONGA,,,8204,
8204090,2020-12-16 00:06:18.951608+00,2020-12-16 00:06:18.951629+00,,,GANE TIMUR,,,8204,
8204091,2020-12-16 00:06:18.954216+00,2020-12-16 00:06:18.954236+00,,,GANE TIMUR TENGAH,,,8204,
8204092,2020-12-16 00:06:18.956702+00,2020-12-16 00:06:18.956721+00,,,GANE TIMUR SELATAN,,,8204,
8205010,2020-12-16 00:06:18.95918+00,2020-12-16 00:06:18.959215+00,,,MALIFUT,,,8205,
8205011,2020-12-16 00:06:18.961722+00,2020-12-16 00:06:18.961742+00,,,KAO TELUK,,,8205,
8205020,2020-12-16 00:06:18.964247+00,2020-12-16 00:06:18.964268+00,,,KAO,,,8205,
8205021,2020-12-16 00:06:18.967306+00,2020-12-16 00:06:18.967332+00,,,KAO BARAT,,,8205,
8205022,2020-12-16 00:06:18.970046+00,2020-12-16 00:06:18.970066+00,,,KAO UTARA,,,8205,
8205030,2020-12-16 00:06:18.9726+00,2020-12-16 00:06:18.97262+00,,,TOBELO SELATAN,,,8205,
8205031,2020-12-16 00:06:18.975309+00,2020-12-16 00:06:18.97533+00,,,TOBELO BARAT,,,8205,
8205032,2020-12-16 00:06:18.978041+00,2020-12-16 00:06:18.978063+00,,,TOBELO TIMUR,,,8205,
8205040,2020-12-16 00:06:18.980653+00,2020-12-16 00:06:18.980673+00,,,TOBELO,,,8205,
8205041,2020-12-16 00:06:18.983123+00,2020-12-16 00:06:18.983142+00,,,TOBELO TENGAH,,,8205,
8205042,2020-12-16 00:06:18.985594+00,2020-12-16 00:06:18.985613+00,,,TOBELO UTARA,,,8205,
8205050,2020-12-16 00:06:18.988116+00,2020-12-16 00:06:18.988135+00,,,GALELA,,,8205,
8205051,2020-12-16 00:06:18.990754+00,2020-12-16 00:06:18.990775+00,,,GALELA SELATAN,,,8205,
8205052,2020-12-16 00:06:18.993356+00,2020-12-16 00:06:18.993376+00,,,GALELA BARAT,,,8205,
8205053,2020-12-16 00:06:18.995872+00,2020-12-16 00:06:18.995892+00,,,GALELA UTARA,,,8205,
8205060,2020-12-16 00:06:18.998331+00,2020-12-16 00:06:18.998351+00,,,LOLODA UTARA,,,8205,
8205061,2020-12-16 00:06:19.000953+00,2020-12-16 00:06:19.000974+00,,,LOLODA KEPULAUAN,,,8205,
8206010,2020-12-16 00:06:19.003475+00,2020-12-16 00:06:19.003495+00,,,MABA SELATAN,,,8206,
8206011,2020-12-16 00:06:19.005746+00,2020-12-16 00:06:19.005766+00,,,KOTA MABA,,,8206,
8206020,2020-12-16 00:06:19.007948+00,2020-12-16 00:06:19.007967+00,,,WASILE SELATAN,,,8206,
8206030,2020-12-16 00:06:19.010128+00,2020-12-16 00:06:19.010148+00,,,WASILE,,,8206,
8206031,2020-12-16 00:06:19.01236+00,2020-12-16 00:06:19.012381+00,,,WASILE TIMUR,,,8206,
8206032,2020-12-16 00:06:19.014544+00,2020-12-16 00:06:19.014565+00,,,WASILE TENGAH,,,8206,
8206033,2020-12-16 00:06:19.016915+00,2020-12-16 00:06:19.016939+00,,,WASILE UTARA,,,8206,
8206040,2020-12-16 00:06:19.019588+00,2020-12-16 00:06:19.019608+00,,,MABA,,,8206,
8206041,2020-12-16 00:06:19.021931+00,2020-12-16 00:06:19.021943+00,,,MABA TENGAH,,,8206,
8206042,2020-12-16 00:06:19.024221+00,2020-12-16 00:06:19.024233+00,,,MABA UTARA,,,8206,
8207010,2020-12-16 00:06:19.026429+00,2020-12-16 00:06:19.026441+00,,,MOROTAI SELATAN,,,8207,
8207020,2020-12-16 00:06:19.028573+00,2020-12-16 00:06:19.028591+00,,,MOROTAI TIMUR,,,8207,
8207030,2020-12-16 00:06:19.031243+00,2020-12-16 00:06:19.031282+00,,,MOROTAI SELATAN BARAT,,,8207,
8207040,2020-12-16 00:06:19.035637+00,2020-12-16 00:06:19.035689+00,,,MOROTAI JAYA,,,8207,
8207050,2020-12-16 00:06:19.039399+00,2020-12-16 00:06:19.039423+00,,,MOROTAI UTARA,,,8207,
8208010,2020-12-16 00:06:19.042272+00,2020-12-16 00:06:19.042295+00,,,TALIABU BARAT,,,8208,
9107170,2020-12-16 00:06:19.348334+00,2020-12-16 00:06:19.348349+00,,,AIMAS,,,9107,
8208020,2020-12-16 00:06:19.045156+00,2020-12-16 00:06:19.045179+00,,,TALIABU SELATAN,,,8208,
8208030,2020-12-16 00:06:19.048045+00,2020-12-16 00:06:19.048068+00,,,TABONA,,,8208,
8208040,2020-12-16 00:06:19.050539+00,2020-12-16 00:06:19.050562+00,,,TALIABU TIMUR SELATAN,,,8208,
8208050,2020-12-16 00:06:19.053146+00,2020-12-16 00:06:19.05317+00,,,TALIABU TIMUR,,,8208,
8208060,2020-12-16 00:06:19.055838+00,2020-12-16 00:06:19.055861+00,,,TALIABU UTARA,,,8208,
8208070,2020-12-16 00:06:19.058402+00,2020-12-16 00:06:19.058426+00,,,LEDE,,,8208,
8208080,2020-12-16 00:06:19.060922+00,2020-12-16 00:06:19.060936+00,,,TALIABU BARAT LAUT,,,8208,
8271010,2020-12-16 00:06:19.062999+00,2020-12-16 00:06:19.063013+00,,,PULAU TERNATE,,,8271,
8271011,2020-12-16 00:06:19.065232+00,2020-12-16 00:06:19.065247+00,,,MOTI,,,8271,
8271012,2020-12-16 00:06:19.067617+00,2020-12-16 00:06:19.067632+00,,,PULAU BATANG DUA,,,8271,
8271013,2020-12-16 00:06:19.070127+00,2020-12-16 00:06:19.070141+00,,,PULAU HIRI,,,8271,
8271020,2020-12-16 00:06:19.072691+00,2020-12-16 00:06:19.072714+00,,,TERNATE SELATAN,,,8271,
8271021,2020-12-16 00:06:19.075409+00,2020-12-16 00:06:19.075432+00,,,TERNATE TENGAH,,,8271,
8271030,2020-12-16 00:06:19.078197+00,2020-12-16 00:06:19.078213+00,,,TERNATE UTARA,,,8271,
8272010,2020-12-16 00:06:19.08046+00,2020-12-16 00:06:19.080475+00,,,TIDORE SELATAN,,,8272,
8272020,2020-12-16 00:06:19.082741+00,2020-12-16 00:06:19.082755+00,,,TIDORE UTARA,,,8272,
8272030,2020-12-16 00:06:19.085035+00,2020-12-16 00:06:19.08505+00,,,TIDORE,,,8272,
8272031,2020-12-16 00:06:19.08763+00,2020-12-16 00:06:19.087645+00,,,TIDORE TIMUR,,,8272,
8272040,2020-12-16 00:06:19.09068+00,2020-12-16 00:06:19.090695+00,,,OBA,,,8272,
8272041,2020-12-16 00:06:19.093306+00,2020-12-16 00:06:19.09332+00,,,OBA SELATAN,,,8272,
8272050,2020-12-16 00:06:19.095984+00,2020-12-16 00:06:19.095998+00,,,OBA UTARA,,,8272,
8272051,2020-12-16 00:06:19.098707+00,2020-12-16 00:06:19.098722+00,,,OBA TENGAH,,,8272,
9101050,2020-12-16 00:06:19.10126+00,2020-12-16 00:06:19.101274+00,,,FAKFAK TIMUR,,,9101,
9101051,2020-12-16 00:06:19.103968+00,2020-12-16 00:06:19.103983+00,,,KARAS,,,9101,
9101060,2020-12-16 00:06:19.106397+00,2020-12-16 00:06:19.106412+00,,,FAKFAK,,,9101,
9101061,2020-12-16 00:06:19.108799+00,2020-12-16 00:06:19.108811+00,,,FAKFAK TENGAH,,,9101,
9101070,2020-12-16 00:06:19.111347+00,2020-12-16 00:06:19.111361+00,,,FAKFAK BARAT,,,9101,
9101080,2020-12-16 00:06:19.113783+00,2020-12-16 00:06:19.113796+00,,,KOKAS,,,9101,
9101081,2020-12-16 00:06:19.116355+00,2020-12-16 00:06:19.11637+00,,,TELUK PATIPI,,,9101,
9101082,2020-12-16 00:06:19.119393+00,2020-12-16 00:06:19.119421+00,,,KRAMONGMONGGA,,,9101,
9101083,2020-12-16 00:06:19.122208+00,2020-12-16 00:06:19.122237+00,,,BOMBERAY,,,9101,
9102010,2020-12-16 00:06:19.125098+00,2020-12-16 00:06:19.125143+00,,,BURUWAY,,,9102,
9102020,2020-12-16 00:06:19.128363+00,2020-12-16 00:06:19.128401+00,,,TELUK ARGUNI,,,9102,
9102021,2020-12-16 00:06:19.131275+00,2020-12-16 00:06:19.1313+00,,,TELUK ARGUNI BAWAH,,,9102,
9102030,2020-12-16 00:06:19.134358+00,2020-12-16 00:06:19.134375+00,,,KAIMANA,,,9102,
9102031,2020-12-16 00:06:19.136952+00,2020-12-16 00:06:19.136968+00,,,KAMBRAU,,,9102,
9102040,2020-12-16 00:06:19.139522+00,2020-12-16 00:06:19.139536+00,,,TELUK ETNA,,,9102,
9102041,2020-12-16 00:06:19.142148+00,2020-12-16 00:06:19.142163+00,,,YAMOR,,,9102,
9103010,2020-12-16 00:06:19.144504+00,2020-12-16 00:06:19.144517+00,,,NAIKERE,,,9103,
9103020,2020-12-16 00:06:19.147801+00,2020-12-16 00:06:19.147815+00,,,WONDIBOY,,,9103,
9103021,2020-12-16 00:06:19.150531+00,2020-12-16 00:06:19.150543+00,,,RASIEY,,,9103,
9103022,2020-12-16 00:06:19.152999+00,2020-12-16 00:06:19.153012+00,,,KURI WAMESA,,,9103,
9103030,2020-12-16 00:06:19.155164+00,2020-12-16 00:06:19.155176+00,,,WASIOR,,,9103,
9103040,2020-12-16 00:06:19.157245+00,2020-12-16 00:06:19.157258+00,,,DUAIRI,,,9103,
9103041,2020-12-16 00:06:19.159324+00,2020-12-16 00:06:19.159337+00,,,ROON,,,9103,
9103050,2020-12-16 00:06:19.161455+00,2020-12-16 00:06:19.161468+00,,,WINDESI,,,9103,
9103051,2020-12-16 00:06:19.163355+00,2020-12-16 00:06:19.163367+00,,,NIKIWAR,,,9103,
9103060,2020-12-16 00:06:19.165092+00,2020-12-16 00:06:19.165103+00,,,WAMESA,,,9103,
9103061,2020-12-16 00:06:19.1668+00,2020-12-16 00:06:19.166812+00,,,ROSWAR,,,9103,
9103070,2020-12-16 00:06:19.168821+00,2020-12-16 00:06:19.168834+00,,,RUMBERPON,,,9103,
9103071,2020-12-16 00:06:19.170947+00,2020-12-16 00:06:19.17096+00,,,SOUG JAYA,,,9103,
9104010,2020-12-16 00:06:19.173079+00,2020-12-16 00:06:19.173092+00,,,FAFURWAR,,,9104,
9104020,2020-12-16 00:06:19.174984+00,2020-12-16 00:06:19.174998+00,,,BABO,,,9104,
9104021,2020-12-16 00:06:19.177083+00,2020-12-16 00:06:19.177096+00,,,SUMURI,,,9104,
9104022,2020-12-16 00:06:19.178884+00,2020-12-16 00:06:19.178895+00,,,AROBA,,,9104,
9104023,2020-12-16 00:06:19.180658+00,2020-12-16 00:06:19.18067+00,,,KAITARO,,,9104,
9104030,2020-12-16 00:06:19.182354+00,2020-12-16 00:06:19.182366+00,,,KURI,,,9104,
9104040,2020-12-16 00:06:19.184637+00,2020-12-16 00:06:19.184649+00,,,WAMESA,,,9104,
9104050,2020-12-16 00:06:19.187694+00,2020-12-16 00:06:19.187709+00,,,BINTUNI,,,9104,
9104051,2020-12-16 00:06:19.190676+00,2020-12-16 00:06:19.19069+00,,,MANIMERI,,,9104,
9104052,2020-12-16 00:06:19.193612+00,2020-12-16 00:06:19.193626+00,,,TUHIBA,,,9104,
9104053,2020-12-16 00:06:19.196114+00,2020-12-16 00:06:19.196129+00,,,DATARAN BEIMES,,,9104,
9104060,2020-12-16 00:06:19.198779+00,2020-12-16 00:06:19.198802+00,,,TEMBUNI,,,9104,
9104070,2020-12-16 00:06:19.201726+00,2020-12-16 00:06:19.201749+00,,,ARANDAY,,,9104,
9104071,2020-12-16 00:06:19.204513+00,2020-12-16 00:06:19.204536+00,,,KAMUNDAN,,,9104,
9104072,2020-12-16 00:06:19.207241+00,2020-12-16 00:06:19.207264+00,,,TOMU,,,9104,
9104073,2020-12-16 00:06:19.21012+00,2020-12-16 00:06:19.210157+00,,,WERIAGAR,,,9104,
9104080,2020-12-16 00:06:19.213161+00,2020-12-16 00:06:19.213185+00,,,MOSKONA SELATAN,,,9104,
9104081,2020-12-16 00:06:19.216323+00,2020-12-16 00:06:19.216346+00,,,MEYADO,,,9104,
9104082,2020-12-16 00:06:19.21952+00,2020-12-16 00:06:19.219543+00,,,MOSKONA BARAT,,,9104,
9104090,2020-12-16 00:06:19.222811+00,2020-12-16 00:06:19.222835+00,,,MERDEY,,,9104,
9104091,2020-12-16 00:06:19.226076+00,2020-12-16 00:06:19.2261+00,,,BISCOOP,,,9104,
9104092,2020-12-16 00:06:19.229236+00,2020-12-16 00:06:19.229259+00,,,MASYETA,,,9104,
9104100,2020-12-16 00:06:19.232755+00,2020-12-16 00:06:19.232782+00,,,MOSKONA UTARA,,,9104,
9104101,2020-12-16 00:06:19.23705+00,2020-12-16 00:06:19.237096+00,,,MOSKONA TIMUR,,,9104,
9105110,2020-12-16 00:06:19.240911+00,2020-12-16 00:06:19.240939+00,,,WARMARE,,,9105,
9105120,2020-12-16 00:06:19.244441+00,2020-12-16 00:06:19.244456+00,,,PRAFI,,,9105,
9105141,2020-12-16 00:06:19.247643+00,2020-12-16 00:06:19.247658+00,,,MANOKWARI BARAT,,,9105,
9105142,2020-12-16 00:06:19.250578+00,2020-12-16 00:06:19.250593+00,,,MANOKWARI TIMUR,,,9105,
9105143,2020-12-16 00:06:19.25332+00,2020-12-16 00:06:19.253334+00,,,MANOKWARI UTARA,,,9105,
9105144,2020-12-16 00:06:19.256172+00,2020-12-16 00:06:19.256187+00,,,MANOKWARI SELATAN,,,9105,
9105146,2020-12-16 00:06:19.259071+00,2020-12-16 00:06:19.259086+00,,,TANAH RUBU,,,9105,
9105170,2020-12-16 00:06:19.261895+00,2020-12-16 00:06:19.26191+00,,,MASNI,,,9105,
9105171,2020-12-16 00:06:19.264893+00,2020-12-16 00:06:19.264908+00,,,SIDEY,,,9105,
9106010,2020-12-16 00:06:19.267621+00,2020-12-16 00:06:19.267636+00,,,INANWATAN,,,9106,
9106011,2020-12-16 00:06:19.270336+00,2020-12-16 00:06:19.270351+00,,,METEMANI,,,9106,
9106020,2020-12-16 00:06:19.272873+00,2020-12-16 00:06:19.272887+00,,,KOKODA,,,9106,
9106021,2020-12-16 00:06:19.275563+00,2020-12-16 00:06:19.275577+00,,,KAIS,,,9106,
9106022,2020-12-16 00:06:19.278192+00,2020-12-16 00:06:19.278207+00,,,KOKODA UTARA,,,9106,
9106023,2020-12-16 00:06:19.280796+00,2020-12-16 00:06:19.28081+00,,,KAIS DARAT,,,9106,
9106060,2020-12-16 00:06:19.283392+00,2020-12-16 00:06:19.283407+00,,,MOSWAREN,,,9106,
9106070,2020-12-16 00:06:19.285893+00,2020-12-16 00:06:19.285907+00,,,TEMINABUAN,,,9106,
9106071,2020-12-16 00:06:19.288631+00,2020-12-16 00:06:19.288646+00,,,SEREMUK,,,9106,
9106072,2020-12-16 00:06:19.291622+00,2020-12-16 00:06:19.291637+00,,,WAYER,,,9106,
9106073,2020-12-16 00:06:19.294342+00,2020-12-16 00:06:19.294357+00,,,KONDA,,,9106,
9106074,2020-12-16 00:06:19.297224+00,2020-12-16 00:06:19.297238+00,,,SAIFI,,,9106,
9106080,2020-12-16 00:06:19.300165+00,2020-12-16 00:06:19.30018+00,,,SAWIAT,,,9106,
9106081,2020-12-16 00:06:19.30295+00,2020-12-16 00:06:19.302965+00,,,FOKOUR,,,9106,
9106082,2020-12-16 00:06:19.305417+00,2020-12-16 00:06:19.305431+00,,,SALKMA,,,9106,
9107060,2020-12-16 00:06:19.308077+00,2020-12-16 00:06:19.308092+00,,,MORAID,,,9107,
9107061,2020-12-16 00:06:19.310614+00,2020-12-16 00:06:19.310629+00,,,KLASO,,,9107,
9107100,2020-12-16 00:06:19.313243+00,2020-12-16 00:06:19.313257+00,,,MAKBON,,,9107,
9107101,2020-12-16 00:06:19.316147+00,2020-12-16 00:06:19.316161+00,,,KLAYILI,,,9107,
9107110,2020-12-16 00:06:19.318853+00,2020-12-16 00:06:19.318867+00,,,BERAUR,,,9107,
9107111,2020-12-16 00:06:19.321648+00,2020-12-16 00:06:19.321663+00,,,KLAMONO,,,9107,
9107112,2020-12-16 00:06:19.324503+00,2020-12-16 00:06:19.324519+00,,,KLABOT,,,9107,
9107113,2020-12-16 00:06:19.327775+00,2020-12-16 00:06:19.32779+00,,,KLAWAK,,,9107,
9107120,2020-12-16 00:06:19.330782+00,2020-12-16 00:06:19.330797+00,,,SALAWATI,,,9107,
9107121,2020-12-16 00:06:19.333408+00,2020-12-16 00:06:19.333423+00,,,MAYAMUK,,,9107,
9107122,2020-12-16 00:06:19.335995+00,2020-12-16 00:06:19.336009+00,,,SALAWATI TIMUR,,,9107,
9107130,2020-12-16 00:06:19.33944+00,2020-12-16 00:06:19.339467+00,,,SEGET,,,9107,
9107131,2020-12-16 00:06:19.342622+00,2020-12-16 00:06:19.342639+00,,,SEGUN,,,9107,
9107132,2020-12-16 00:06:19.345675+00,2020-12-16 00:06:19.34569+00,,,SALAWATI SELATAN,,,9107,
9107171,2020-12-16 00:06:19.351292+00,2020-12-16 00:06:19.351307+00,,,MARIAT,,,9107,
9107172,2020-12-16 00:06:19.354449+00,2020-12-16 00:06:19.354463+00,,,SORONG,,,9107,
9107180,2020-12-16 00:06:19.357185+00,2020-12-16 00:06:19.3572+00,,,SAYOSA,,,9107,
9107181,2020-12-16 00:06:19.359984+00,2020-12-16 00:06:19.359999+00,,,MAUDUS,,,9107,
9108011,2020-12-16 00:06:19.362763+00,2020-12-16 00:06:19.362778+00,,,MISOOL SELATAN,,,9108,
9108012,2020-12-16 00:06:19.365679+00,2020-12-16 00:06:19.365694+00,,,MISOOL BARAT,,,9108,
9108020,2020-12-16 00:06:19.368642+00,2020-12-16 00:06:19.368656+00,,,MISOOL,,,9108,
9108021,2020-12-16 00:06:19.371338+00,2020-12-16 00:06:19.371353+00,,,KOFIAU,,,9108,
9108022,2020-12-16 00:06:19.373969+00,2020-12-16 00:06:19.373984+00,,,MISOOL TIMUR,,,9108,
9108023,2020-12-16 00:06:19.37662+00,2020-12-16 00:06:19.376634+00,,,KEPULAUAN SEMBILAN,,,9108,
9108031,2020-12-16 00:06:19.379705+00,2020-12-16 00:06:19.379718+00,,,SALAWATI UTARA,,,9108,
9108033,2020-12-16 00:06:19.382655+00,2020-12-16 00:06:19.382668+00,,,SALAWATI TENGAH,,,9108,
9108034,2020-12-16 00:06:19.385707+00,2020-12-16 00:06:19.385722+00,,,SALAWATI BARAT,,,9108,
9108035,2020-12-16 00:06:19.387652+00,2020-12-16 00:06:19.387665+00,,,BATANTA SELATAN,,,9108,
9108036,2020-12-16 00:06:19.389308+00,2020-12-16 00:06:19.38932+00,,,BATANTA UTARA,,,9108,
9108040,2020-12-16 00:06:19.391035+00,2020-12-16 00:06:19.391046+00,,,WAIGEO SELATAN,,,9108,
9108041,2020-12-16 00:06:19.392796+00,2020-12-16 00:06:19.392808+00,,,TELUK MAYALIBIT,,,9108,
9108042,2020-12-16 00:06:19.394476+00,2020-12-16 00:06:19.394488+00,,,MEOS MANSAR,,,9108,
9108043,2020-12-16 00:06:19.396297+00,2020-12-16 00:06:19.396309+00,,,KOTA WAISAI,,,9108,
9108044,2020-12-16 00:06:19.398372+00,2020-12-16 00:06:19.398384+00,,,TIPLOL MAYALIBIT,,,9108,
9108050,2020-12-16 00:06:19.400273+00,2020-12-16 00:06:19.400285+00,,,WAIGEO BARAT,,,9108,
9108051,2020-12-16 00:06:19.402227+00,2020-12-16 00:06:19.402241+00,,,WAIGEO BARAT KEPULAUAN,,,9108,
9108060,2020-12-16 00:06:19.404116+00,2020-12-16 00:06:19.404129+00,,,WAIGEO UTARA,,,9108,
9108061,2020-12-16 00:06:19.405899+00,2020-12-16 00:06:19.405911+00,,,WARWARBOMI,,,9108,
9108062,2020-12-16 00:06:19.407807+00,2020-12-16 00:06:19.407819+00,,,SUPNIN,,,9108,
9108070,2020-12-16 00:06:19.409767+00,2020-12-16 00:06:19.409779+00,,,KEPULAUAN AYAU,,,9108,
9108071,2020-12-16 00:06:19.412181+00,2020-12-16 00:06:19.412195+00,,,AYAU,,,9108,
9108080,2020-12-16 00:06:19.414868+00,2020-12-16 00:06:19.414881+00,,,WAIGEO TIMUR,,,9108,
9109010,2020-12-16 00:06:19.417504+00,2020-12-16 00:06:19.417518+00,,,FEF,,,9109,
9109011,2020-12-16 00:06:19.420094+00,2020-12-16 00:06:19.420109+00,,,SYUJAK,,,9109,
9109020,2020-12-16 00:06:19.422832+00,2020-12-16 00:06:19.422846+00,,,MIYAH,,,9109,
9109030,2020-12-16 00:06:19.425608+00,2020-12-16 00:06:19.425622+00,,,ABUN,,,9109,
9109040,2020-12-16 00:06:19.428746+00,2020-12-16 00:06:19.428761+00,,,KWOOR,,,9109,
9109050,2020-12-16 00:06:19.431282+00,2020-12-16 00:06:19.431296+00,,,SAUSAPOR,,,9109,
9109060,2020-12-16 00:06:19.433783+00,2020-12-16 00:06:19.433798+00,,,YEMBUN,,,9109,
9109070,2020-12-16 00:06:19.436443+00,2020-12-16 00:06:19.436457+00,,,KEBAR,,,9109,
9109080,2020-12-16 00:06:19.439039+00,2020-12-16 00:06:19.439054+00,,,SENOPI,,,9109,
9109090,2020-12-16 00:06:19.441763+00,2020-12-16 00:06:19.44179+00,,,AMBERBAKEN,,,9109,
9109100,2020-12-16 00:06:19.445041+00,2020-12-16 00:06:19.445067+00,,,MUBARNI / ARFU,,,9109,
9110010,2020-12-16 00:06:19.44795+00,2020-12-16 00:06:19.447965+00,,,AITINYO BARAT/ATHABU,,,9110,
9110011,2020-12-16 00:06:19.450588+00,2020-12-16 00:06:19.450602+00,,,AYAMARU SELATAN JAYA,,,9110,
9110020,2020-12-16 00:06:19.453487+00,2020-12-16 00:06:19.453501+00,,,AITINYO,,,9110,
9110021,2020-12-16 00:06:19.456371+00,2020-12-16 00:06:19.456386+00,,,AITINYO TENGAH,,,9110,
9110030,2020-12-16 00:06:19.459185+00,2020-12-16 00:06:19.459208+00,,,AIFAT SELATAN,,,9110,
9110031,2020-12-16 00:06:19.461732+00,2020-12-16 00:06:19.461746+00,,,AIFAT TIMUR SELATAN,,,9110,
9110040,2020-12-16 00:06:19.464653+00,2020-12-16 00:06:19.464676+00,,,AIFAT,,,9110,
9110050,2020-12-16 00:06:19.468023+00,2020-12-16 00:06:19.468047+00,,,AITINYO UTARA,,,9110,
9110051,2020-12-16 00:06:19.471015+00,2020-12-16 00:06:19.471037+00,,,AITINYO RAYA,,,9110,
9110060,2020-12-16 00:06:19.474114+00,2020-12-16 00:06:19.474137+00,,,AYAMARU TIMUR,,,9110,
9110061,2020-12-16 00:06:19.477199+00,2020-12-16 00:06:19.477238+00,,,AYAMARU TIMUR SELATAN,,,9110,
9110070,2020-12-16 00:06:19.480443+00,2020-12-16 00:06:19.480466+00,,,AYAMARU,,,9110,
9110071,2020-12-16 00:06:19.483631+00,2020-12-16 00:06:19.483653+00,,,AYAMARU SELATAN,,,9110,
9110072,2020-12-16 00:06:19.486786+00,2020-12-16 00:06:19.48681+00,,,AYAMARU JAYA,,,9110,
9110073,2020-12-16 00:06:19.489935+00,2020-12-16 00:06:19.489958+00,,,AYAMARU TENGAH,,,9110,
9110074,2020-12-16 00:06:19.493438+00,2020-12-16 00:06:19.493463+00,,,AYAMARU BARAT,,,9110,
9110080,2020-12-16 00:06:19.497166+00,2020-12-16 00:06:19.497195+00,,,AYAMARU UTARA,,,9110,
9110081,2020-12-16 00:06:19.500676+00,2020-12-16 00:06:19.500702+00,,,AYAMARU UTARA TIMUR,,,9110,
9110090,2020-12-16 00:06:19.504025+00,2020-12-16 00:06:19.504052+00,,,MARE,,,9110,
9110091,2020-12-16 00:06:19.507144+00,2020-12-16 00:06:19.507169+00,,,MARE SELATAN,,,9110,
9110100,2020-12-16 00:06:19.510102+00,2020-12-16 00:06:19.510126+00,,,AIFAT UTARA,,,9110,
9110110,2020-12-16 00:06:19.513272+00,2020-12-16 00:06:19.513297+00,,,AIFAT TIMUR,,,9110,
9110111,2020-12-16 00:06:19.516558+00,2020-12-16 00:06:19.516583+00,,,AIFAT TIMUR TENGAH,,,9110,
9110112,2020-12-16 00:06:19.519913+00,2020-12-16 00:06:19.519937+00,,,AIFAT TIMUR JAUH,,,9110,
9111010,2020-12-16 00:06:19.52315+00,2020-12-16 00:06:19.523173+00,,,TAHOTA,,,9111,
9111020,2020-12-16 00:06:19.526296+00,2020-12-16 00:06:19.526321+00,,,DATARAN ISIM,,,9111,
9111030,2020-12-16 00:06:19.529775+00,2020-12-16 00:06:19.529799+00,,,NENEI,,,9111,
9111040,2020-12-16 00:06:19.533183+00,2020-12-16 00:06:19.533208+00,,,MOMI WAREN,,,9111,
9111050,2020-12-16 00:06:19.536676+00,2020-12-16 00:06:19.5367+00,,,RANSIKI,,,9111,
9111060,2020-12-16 00:06:19.540049+00,2020-12-16 00:06:19.540076+00,,,ORANSBARI,,,9111,
9112010,2020-12-16 00:06:19.5436+00,2020-12-16 00:06:19.543625+00,,,DIDOHU,,,9112,
9112020,2020-12-16 00:06:19.54778+00,2020-12-16 00:06:19.547824+00,,,SURUREY,,,9112,
9112030,2020-12-16 00:06:19.551876+00,2020-12-16 00:06:19.551893+00,,,ANGGI GIDA,,,9112,
9112040,2020-12-16 00:06:19.55483+00,2020-12-16 00:06:19.554846+00,,,MEMBEY,,,9112,
9112050,2020-12-16 00:06:19.557637+00,2020-12-16 00:06:19.557652+00,,,ANGGI,,,9112,
9112060,2020-12-16 00:06:19.56022+00,2020-12-16 00:06:19.560235+00,,,TAIGE,,,9112,
9112070,2020-12-16 00:06:19.562947+00,2020-12-16 00:06:19.562962+00,,,HINGK,,,9112,
9112080,2020-12-16 00:06:19.565761+00,2020-12-16 00:06:19.565775+00,,,MENYAMBOUW,,,9112,
9112090,2020-12-16 00:06:19.568382+00,2020-12-16 00:06:19.568396+00,,,CATUBOUW,,,9112,
9112100,2020-12-16 00:06:19.570949+00,2020-12-16 00:06:19.570963+00,,,TESTEGA,,,9112,
9171010,2020-12-16 00:06:19.573582+00,2020-12-16 00:06:19.573595+00,,,SORONG BARAT,,,9171,
9171011,2020-12-16 00:06:19.57619+00,2020-12-16 00:06:19.576204+00,,,SORONG KEPULAUAN,,,9171,
9171012,2020-12-16 00:06:19.579487+00,2020-12-16 00:06:19.579517+00,,,MALADOMES,,,9171,
9171020,2020-12-16 00:06:19.582716+00,2020-12-16 00:06:19.582747+00,,,SORONG TIMUR,,,9171,
9171021,2020-12-16 00:06:19.586047+00,2020-12-16 00:06:19.586078+00,,,SORONG UTARA,,,9171,
9171022,2020-12-16 00:06:19.589555+00,2020-12-16 00:06:19.589587+00,,,SORONG,,,9171,
9171023,2020-12-16 00:06:19.593395+00,2020-12-16 00:06:19.593409+00,,,SORONG MANOI,,,9171,
9171024,2020-12-16 00:06:19.596265+00,2020-12-16 00:06:19.596278+00,,,KLAURUNG,,,9171,
9171025,2020-12-16 00:06:19.598794+00,2020-12-16 00:06:19.598807+00,,,MALAIMSIMSA,,,9171,
9171026,2020-12-16 00:06:19.601288+00,2020-12-16 00:06:19.601302+00,,,SORONG KOTA,,,9171,
9401010,2020-12-16 00:06:19.603495+00,2020-12-16 00:06:19.603507+00,,,KIMAAM,,,9401,
9401011,2020-12-16 00:06:19.605794+00,2020-12-16 00:06:19.605806+00,,,WAAN,,,9401,
9401012,2020-12-16 00:06:19.608406+00,2020-12-16 00:06:19.608454+00,,,TABONJI,,,9401,
9401013,2020-12-16 00:06:19.61295+00,2020-12-16 00:06:19.613+00,,,ILWAYAB,,,9401,
9401020,2020-12-16 00:06:19.617322+00,2020-12-16 00:06:19.617353+00,,,OKABA,,,9401,
9401021,2020-12-16 00:06:19.620217+00,2020-12-16 00:06:19.620232+00,,,TUBANG,,,9401,
9401022,2020-12-16 00:06:19.622875+00,2020-12-16 00:06:19.62289+00,,,NGGUTI,,,9401,
9401023,2020-12-16 00:06:19.625569+00,2020-12-16 00:06:19.625584+00,,,KAPTEL,,,9401,
9401030,2020-12-16 00:06:19.628332+00,2020-12-16 00:06:19.628346+00,,,KURIK,,,9401,
9401031,2020-12-16 00:06:19.630962+00,2020-12-16 00:06:19.630976+00,,,MALIND,,,9401,
9401032,2020-12-16 00:06:19.633469+00,2020-12-16 00:06:19.633483+00,,,ANIMHA,,,9401,
9401040,2020-12-16 00:06:19.636512+00,2020-12-16 00:06:19.636543+00,,,MERAUKE,,,9401,
9401041,2020-12-16 00:06:19.639936+00,2020-12-16 00:06:19.639971+00,,,SEMANGGA,,,9401,
9401042,2020-12-16 00:06:19.64352+00,2020-12-16 00:06:19.643555+00,,,TANAH MIRING,,,9401,
9401043,2020-12-16 00:06:19.646959+00,2020-12-16 00:06:19.646974+00,,,JAGEBOB,,,9401,
9401044,2020-12-16 00:06:19.649266+00,2020-12-16 00:06:19.649279+00,,,SOTA,,,9401,
9401045,2020-12-16 00:06:19.652375+00,2020-12-16 00:06:19.652403+00,,,NAUKENJERAI,,,9401,
9401050,2020-12-16 00:06:19.655438+00,2020-12-16 00:06:19.655455+00,,,MUTING,,,9401,
9401051,2020-12-16 00:06:19.65837+00,2020-12-16 00:06:19.658384+00,,,ELIGOBEL,,,9401,
9401052,2020-12-16 00:06:19.661494+00,2020-12-16 00:06:19.661508+00,,,ULILIN,,,9401,
9402110,2020-12-16 00:06:19.664491+00,2020-12-16 00:06:19.664505+00,,,WAMENA,,,9402,
9402111,2020-12-16 00:06:19.667286+00,2020-12-16 00:06:19.6673+00,,,ASOLOKOBAL,,,9402,
9402112,2020-12-16 00:06:19.670103+00,2020-12-16 00:06:19.670117+00,,,WALELAGAMA,,,9402,
9402113,2020-12-16 00:06:19.672829+00,2020-12-16 00:06:19.672844+00,,,TRIKORA,,,9402,
9402114,2020-12-16 00:06:19.675267+00,2020-12-16 00:06:19.675279+00,,,NAPUA,,,9402,
9402115,2020-12-16 00:06:19.677784+00,2020-12-16 00:06:19.677799+00,,,WALAIK,,,9402,
9402116,2020-12-16 00:06:19.680374+00,2020-12-16 00:06:19.680388+00,,,WOUMA,,,9402,
9402117,2020-12-16 00:06:19.682865+00,2020-12-16 00:06:19.682886+00,,,WALESI,,,9402,
9402118,2020-12-16 00:06:19.685498+00,2020-12-16 00:06:19.685513+00,,,ASOTIPO,,,9402,
9402119,2020-12-16 00:06:19.688401+00,2020-12-16 00:06:19.688416+00,,,MAIMA,,,9402,
9402120,2020-12-16 00:06:19.690904+00,2020-12-16 00:06:19.690918+00,,,HUBIKOSI,,,9402,
9402121,2020-12-16 00:06:19.693485+00,2020-12-16 00:06:19.693499+00,,,PELEBAGA,,,9402,
9402122,2020-12-16 00:06:19.696114+00,2020-12-16 00:06:19.696128+00,,,IBELE,,,9402,
9402123,2020-12-16 00:06:19.698675+00,2020-12-16 00:06:19.698689+00,,,TAILAREK,,,9402,
9402124,2020-12-16 00:06:19.70139+00,2020-12-16 00:06:19.701404+00,,,HUBIKIAK,,,9402,
9402180,2020-12-16 00:06:19.703999+00,2020-12-16 00:06:19.704013+00,,,ASOLOGAIMA,,,9402,
9402181,2020-12-16 00:06:19.706488+00,2020-12-16 00:06:19.706502+00,,,MUSATFAK,,,9402,
9402182,2020-12-16 00:06:19.709011+00,2020-12-16 00:06:19.709025+00,,,SILO KARNO DOGA,,,9402,
9402183,2020-12-16 00:06:19.711776+00,2020-12-16 00:06:19.71179+00,,,PYRAMID,,,9402,
9402184,2020-12-16 00:06:19.714606+00,2020-12-16 00:06:19.71462+00,,,MULIAMA,,,9402,
9402185,2020-12-16 00:06:19.717484+00,2020-12-16 00:06:19.717508+00,,,WAME,,,9402,
9402190,2020-12-16 00:06:19.720352+00,2020-12-16 00:06:19.720366+00,,,KURULU,,,9402,
9402191,2020-12-16 00:06:19.723727+00,2020-12-16 00:06:19.723766+00,,,USILIMO,,,9402,
9402192,2020-12-16 00:06:19.727238+00,2020-12-16 00:06:19.727295+00,,,WITA WAYA,,,9402,
9402193,2020-12-16 00:06:19.73067+00,2020-12-16 00:06:19.730707+00,,,LIBAREK,,,9402,
9402194,2020-12-16 00:06:19.734027+00,2020-12-16 00:06:19.73404+00,,,WADANGKU,,,9402,
9402195,2020-12-16 00:06:19.736455+00,2020-12-16 00:06:19.736467+00,,,PISUGI,,,9402,
9402220,2020-12-16 00:06:19.738866+00,2020-12-16 00:06:19.738879+00,,,BOLAKME,,,9402,
9402221,2020-12-16 00:06:19.741367+00,2020-12-16 00:06:19.741379+00,,,WOLLO,,,9402,
9402222,2020-12-16 00:06:19.743617+00,2020-12-16 00:06:19.743629+00,,,YALENGGA,,,9402,
9402223,2020-12-16 00:06:19.746359+00,2020-12-16 00:06:19.746372+00,,,TAGIME,,,9402,
9402224,2020-12-16 00:06:19.749049+00,2020-12-16 00:06:19.749062+00,,,MOLAGALOME,,,9402,
9402225,2020-12-16 00:06:19.751503+00,2020-12-16 00:06:19.751515+00,,,TAGINERI,,,9402,
9402226,2020-12-16 00:06:19.75383+00,2020-12-16 00:06:19.753844+00,,,BUGI,,,9402,
9402227,2020-12-16 00:06:19.756579+00,2020-12-16 00:06:19.756596+00,,,BPIRI,,,9402,
9402228,2020-12-16 00:06:19.759197+00,2020-12-16 00:06:19.759233+00,,,KORAGI,,,9402,
9402611,2020-12-16 00:06:19.761521+00,2020-12-16 00:06:19.761533+00,,,ITLAY HASIGE,,,9402,
9402612,2020-12-16 00:06:19.764027+00,2020-12-16 00:06:19.76404+00,,,SIEPKOSI,,,9402,
9402614,2020-12-16 00:06:19.766298+00,2020-12-16 00:06:19.76631+00,,,POPUGOBA,,,9402,
9403080,2020-12-16 00:06:19.768551+00,2020-12-16 00:06:19.768563+00,,,KAUREH,,,9403,
9403081,2020-12-16 00:06:19.770621+00,2020-12-16 00:06:19.770633+00,,,AIRU,,,9403,
9403082,2020-12-16 00:06:19.772775+00,2020-12-16 00:06:19.772787+00,,,YAPSI,,,9403,
9403140,2020-12-16 00:06:19.774954+00,2020-12-16 00:06:19.774966+00,,,KEMTUK,,,9403,
9403150,2020-12-16 00:06:19.777509+00,2020-12-16 00:06:19.777522+00,,,KEMTUK GRESI,,,9403,
9403151,2020-12-16 00:06:19.780035+00,2020-12-16 00:06:19.780047+00,,,GRESI SELATAN,,,9403,
9403160,2020-12-16 00:06:19.78235+00,2020-12-16 00:06:19.782362+00,,,NIMBORAN,,,9403,
9403161,2020-12-16 00:06:19.784707+00,2020-12-16 00:06:19.78472+00,,,NIMBORAN TIMUR / NAMBLONG,,,9403,
9403170,2020-12-16 00:06:19.787394+00,2020-12-16 00:06:19.787407+00,,,NIMBOKRANG,,,9403,
9403180,2020-12-16 00:06:19.790225+00,2020-12-16 00:06:19.790239+00,,,UNURUM GUAY,,,9403,
9403200,2020-12-16 00:06:19.792811+00,2020-12-16 00:06:19.792824+00,,,DEMTA,,,9403,
9403201,2020-12-16 00:06:19.795606+00,2020-12-16 00:06:19.795619+00,,,YOKARI,,,9403,
9403210,2020-12-16 00:06:19.798302+00,2020-12-16 00:06:19.798318+00,,,DEPAPRE,,,9403,
9403211,2020-12-16 00:06:19.800776+00,2020-12-16 00:06:19.800788+00,,,RAVENIRARA,,,9403,
9403220,2020-12-16 00:06:19.803184+00,2020-12-16 00:06:19.803197+00,,,SENTANI BARAT,,,9403,
9403221,2020-12-16 00:06:19.805489+00,2020-12-16 00:06:19.805501+00,,,WAIBU,,,9403,
9403230,2020-12-16 00:06:19.807719+00,2020-12-16 00:06:19.807732+00,,,SENTANI,,,9403,
9403231,2020-12-16 00:06:19.810313+00,2020-12-16 00:06:19.810327+00,,,EBUNGFAU,,,9403,
9403240,2020-12-16 00:06:19.813442+00,2020-12-16 00:06:19.813456+00,,,SENTANI TIMUR,,,9403,
9404050,2020-12-16 00:06:19.815723+00,2020-12-16 00:06:19.815736+00,,,UWAPA,,,9404,
9404051,2020-12-16 00:06:19.817959+00,2020-12-16 00:06:19.817971+00,,,MENOU,,,9404,
9404052,2020-12-16 00:06:19.820143+00,2020-12-16 00:06:19.820156+00,,,DIPA,,,9404,
9404060,2020-12-16 00:06:19.822325+00,2020-12-16 00:06:19.822337+00,,,YAUR,,,9404,
9404061,2020-12-16 00:06:19.824604+00,2020-12-16 00:06:19.824617+00,,,TELUK UMAR,,,9404,
9404070,2020-12-16 00:06:19.826809+00,2020-12-16 00:06:19.826821+00,,,WANGGAR,,,9404,
9404071,2020-12-16 00:06:19.828992+00,2020-12-16 00:06:19.829004+00,,,NABIRE BARAT,,,9404,
9404080,2020-12-16 00:06:19.831242+00,2020-12-16 00:06:19.831255+00,,,NABIRE,,,9404,
9404081,2020-12-16 00:06:19.833818+00,2020-12-16 00:06:19.833832+00,,,TELUK KIMI,,,9404,
9404090,2020-12-16 00:06:19.836364+00,2020-12-16 00:06:19.836377+00,,,NAPAN,,,9404,
9404091,2020-12-16 00:06:19.838639+00,2020-12-16 00:06:19.838652+00,,,MAKIMI,,,9404,
9404092,2020-12-16 00:06:19.841151+00,2020-12-16 00:06:19.841164+00,,,WAPOGA,,,9404,
9404093,2020-12-16 00:06:19.843723+00,2020-12-16 00:06:19.843737+00,,,KEPULAUAN MOORA,,,9404,
9404100,2020-12-16 00:06:19.846526+00,2020-12-16 00:06:19.84654+00,,,SIRIWO,,,9404,
9404110,2020-12-16 00:06:19.849119+00,2020-12-16 00:06:19.849132+00,,,YARO,,,9404,
9408040,2020-12-16 00:06:19.851573+00,2020-12-16 00:06:19.851586+00,,,YAPEN TIMUR,,,9408,
9408041,2020-12-16 00:06:19.853906+00,2020-12-16 00:06:19.853918+00,,,PANTURA YAPEN,,,9408,
9408042,2020-12-16 00:06:19.856398+00,2020-12-16 00:06:19.856412+00,,,TELUK AMPIMOI,,,9408,
9408043,2020-12-16 00:06:19.858979+00,2020-12-16 00:06:19.858996+00,,,RAIMBAWI,,,9408,
9408044,2020-12-16 00:06:19.861557+00,2020-12-16 00:06:19.861571+00,,,PULAU KURUDU,,,9408,
9408050,2020-12-16 00:06:19.863975+00,2020-12-16 00:06:19.863988+00,,,ANGKAISERA,,,9408,
9408051,2020-12-16 00:06:19.866372+00,2020-12-16 00:06:19.866384+00,,,KEP. AMBAI,,,9408,
9408052,2020-12-16 00:06:19.868618+00,2020-12-16 00:06:19.868631+00,,,YAWAKUKAT,,,9408,
9408060,2020-12-16 00:06:19.870921+00,2020-12-16 00:06:19.870933+00,,,YAPEN SELATAN,,,9408,
9408061,2020-12-16 00:06:19.873251+00,2020-12-16 00:06:19.873264+00,,,KOSIWO,,,9408,
9408062,2020-12-16 00:06:19.87555+00,2020-12-16 00:06:19.875563+00,,,ANATAUREI,,,9408,
9408070,2020-12-16 00:06:19.878231+00,2020-12-16 00:06:19.878244+00,,,YAPEN BARAT,,,9408,
9408071,2020-12-16 00:06:19.880714+00,2020-12-16 00:06:19.880727+00,,,WONAWA,,,9408,
9408072,2020-12-16 00:06:19.882987+00,2020-12-16 00:06:19.883+00,,,PULAU YERUI,,,9408,
9408080,2020-12-16 00:06:19.885283+00,2020-12-16 00:06:19.885296+00,,,POOM,,,9408,
9408081,2020-12-16 00:06:19.887665+00,2020-12-16 00:06:19.887678+00,,,WINDESI,,,9408,
9409010,2020-12-16 00:06:19.890217+00,2020-12-16 00:06:19.89023+00,,,NUMFOR BARAT,,,9409,
9409011,2020-12-16 00:06:19.892626+00,2020-12-16 00:06:19.892639+00,,,ORKERI,,,9409,
9409020,2020-12-16 00:06:19.895175+00,2020-12-16 00:06:19.895188+00,,,NUMFOR TIMUR,,,9409,
9409021,2020-12-16 00:06:19.897915+00,2020-12-16 00:06:19.897929+00,,,BRUYADORI,,,9409,
9409022,2020-12-16 00:06:19.900549+00,2020-12-16 00:06:19.900562+00,,,POIRU,,,9409,
9409030,2020-12-16 00:06:19.903186+00,2020-12-16 00:06:19.90321+00,,,PADAIDO,,,9409,
9409031,2020-12-16 00:06:19.905862+00,2020-12-16 00:06:19.905875+00,,,AIMANDO PADAIDO,,,9409,
9409040,2020-12-16 00:06:19.908426+00,2020-12-16 00:06:19.908439+00,,,BIAK TIMUR,,,9409,
9409041,2020-12-16 00:06:19.910766+00,2020-12-16 00:06:19.91078+00,,,ORIDEK,,,9409,
9409050,2020-12-16 00:06:19.912848+00,2020-12-16 00:06:19.912861+00,,,BIAK KOTA,,,9409,
9409060,2020-12-16 00:06:19.915451+00,2020-12-16 00:06:19.915465+00,,,SAMOFA,,,9409,
9409070,2020-12-16 00:06:19.917878+00,2020-12-16 00:06:19.917892+00,,,YENDIDORI,,,9409,
9409080,2020-12-16 00:06:19.920116+00,2020-12-16 00:06:19.920129+00,,,BIAK UTARA,,,9409,
9409081,2020-12-16 00:06:19.922409+00,2020-12-16 00:06:19.922422+00,,,ANDEY,,,9409,
9409090,2020-12-16 00:06:19.924729+00,2020-12-16 00:06:19.924742+00,,,WARSA,,,9409,
9409091,2020-12-16 00:06:19.927038+00,2020-12-16 00:06:19.92705+00,,,YAWOSI,,,9409,
9409092,2020-12-16 00:06:19.929352+00,2020-12-16 00:06:19.929365+00,,,BONDIFUAR,,,9409,
9409100,2020-12-16 00:06:19.931632+00,2020-12-16 00:06:19.931644+00,,,BIAK BARAT,,,9409,
9409101,2020-12-16 00:06:19.934023+00,2020-12-16 00:06:19.934036+00,,,SWANDIWE,,,9409,
9410030,2020-12-16 00:06:19.936364+00,2020-12-16 00:06:19.936377+00,,,PANIAI TIMUR,,,9410,
9410031,2020-12-16 00:06:19.938668+00,2020-12-16 00:06:19.93868+00,,,YATAMO,,,9410,
9410032,2020-12-16 00:06:19.941437+00,2020-12-16 00:06:19.941451+00,,,KEBO,,,9410,
9410040,2020-12-16 00:06:19.944476+00,2020-12-16 00:06:19.94449+00,,,BIBIDA,,,9410,
9410041,2020-12-16 00:06:19.947162+00,2020-12-16 00:06:19.947176+00,,,DUMADAMA,,,9410,
9410070,2020-12-16 00:06:19.949665+00,2020-12-16 00:06:19.949679+00,,,ARADIDE,,,9410,
9410071,2020-12-16 00:06:19.952307+00,2020-12-16 00:06:19.952321+00,,,EKADIDE,,,9410,
9410080,2020-12-16 00:06:19.954738+00,2020-12-16 00:06:19.95475+00,,,PANIAI BARAT,,,9410,
9410081,2020-12-16 00:06:19.957107+00,2020-12-16 00:06:19.957119+00,,,SIRIWO,,,9410,
9410090,2020-12-16 00:06:19.959363+00,2020-12-16 00:06:19.959375+00,,,BOGOBAIDA,,,9410,
9411040,2020-12-16 00:06:19.96177+00,2020-12-16 00:06:19.961786+00,,,FAWI,,,9411,
9411041,2020-12-16 00:06:19.964421+00,2020-12-16 00:06:19.964436+00,,,DAGAI,,,9411,
9411042,2020-12-16 00:06:19.967175+00,2020-12-16 00:06:19.967188+00,,,KIYAGE,,,9411,
9411050,2020-12-16 00:06:19.969678+00,2020-12-16 00:06:19.969691+00,,,MULIA,,,9411,
9411053,2020-12-16 00:06:19.97197+00,2020-12-16 00:06:19.971983+00,,,YAMBI,,,9411,
9411054,2020-12-16 00:06:19.974378+00,2020-12-16 00:06:19.974391+00,,,ILAMBURAWI,,,9411,
9411055,2020-12-16 00:06:19.976904+00,2020-12-16 00:06:19.976917+00,,,MUARA,,,9411,
9411056,2020-12-16 00:06:19.979608+00,2020-12-16 00:06:19.979622+00,,,PAGALEME,,,9411,
9411057,2020-12-16 00:06:19.98192+00,2020-12-16 00:06:19.981933+00,,,GURAGE,,,9411,
9411058,2020-12-16 00:06:19.984491+00,2020-12-16 00:06:19.984503+00,,,IRIMULI,,,9411,
9411060,2020-12-16 00:06:19.987247+00,2020-12-16 00:06:19.987262+00,,,ILU,,,9411,
9411061,2020-12-16 00:06:19.990092+00,2020-12-16 00:06:19.990106+00,,,TORERE,,,9411,
9411063,2020-12-16 00:06:19.992767+00,2020-12-16 00:06:19.992782+00,,,YAMONERI,,,9411,
9411064,2020-12-16 00:06:19.995566+00,2020-12-16 00:06:19.995581+00,,,WAEGI,,,9411,
9411065,2020-12-16 00:06:19.998692+00,2020-12-16 00:06:19.998707+00,,,NUME,,,9411,
9411066,2020-12-16 00:06:20.001511+00,2020-12-16 00:06:20.001526+00,,,NIOGA,,,9411,
9411067,2020-12-16 00:06:20.003995+00,2020-12-16 00:06:20.00401+00,,,GUBUME,,,9411,
9411068,2020-12-16 00:06:20.006348+00,2020-12-16 00:06:20.006361+00,,,TAGANOMBAK,,,9411,
9411070,2020-12-16 00:06:20.008794+00,2020-12-16 00:06:20.008808+00,,,TINGGINAMBUT,,,9411,
9411071,2020-12-16 00:06:20.011145+00,2020-12-16 00:06:20.01116+00,,,KALOME,,,9411,
9411072,2020-12-16 00:06:20.01363+00,2020-12-16 00:06:20.013644+00,,,WANWI,,,9411,
9411080,2020-12-16 00:06:20.016261+00,2020-12-16 00:06:20.016287+00,,,MEWOLUK,,,9411,
9411081,2020-12-16 00:06:20.019742+00,2020-12-16 00:06:20.019778+00,,,LUMO,,,9411,
9411082,2020-12-16 00:06:20.023391+00,2020-12-16 00:06:20.023422+00,,,MOLANIKIME,,,9411,
9411090,2020-12-16 00:06:20.026549+00,2020-12-16 00:06:20.026577+00,,,YAMO,,,9411,
9411091,2020-12-16 00:06:20.029752+00,2020-12-16 00:06:20.029784+00,,,DOKOME,,,9411,
9412010,2020-12-16 00:06:20.033238+00,2020-12-16 00:06:20.033269+00,,,MIMIKA BARAT,,,9412,
9412011,2020-12-16 00:06:20.036029+00,2020-12-16 00:06:20.036043+00,,,MIMIKA BARAT JAUH,,,9412,
9412012,2020-12-16 00:06:20.038732+00,2020-12-16 00:06:20.038746+00,,,MIMIKA BARAT TENGAH,,,9412,
9412013,2020-12-16 00:06:20.041466+00,2020-12-16 00:06:20.041481+00,,,AMAR,,,9412,
9412020,2020-12-16 00:06:20.044231+00,2020-12-16 00:06:20.044245+00,,,MIMIKA TIMUR,,,9412,
9412021,2020-12-16 00:06:20.046626+00,2020-12-16 00:06:20.046639+00,,,MIMIKA TENGAH,,,9412,
9412022,2020-12-16 00:06:20.048821+00,2020-12-16 00:06:20.048833+00,,,MIMIKA TIMUR JAUH,,,9412,
9412030,2020-12-16 00:06:20.050962+00,2020-12-16 00:06:20.050974+00,,,MIMIKA BARU,,,9412,
9412031,2020-12-16 00:06:20.053593+00,2020-12-16 00:06:20.053606+00,,,KUALA KENCANA,,,9412,
9412032,2020-12-16 00:06:20.056211+00,2020-12-16 00:06:20.056224+00,,,TEMBAGAPURA,,,9412,
9412033,2020-12-16 00:06:20.058855+00,2020-12-16 00:06:20.05887+00,,,WANIA,,,9412,
9412034,2020-12-16 00:06:20.061756+00,2020-12-16 00:06:20.06177+00,,,IWAKA,,,9412,
9412035,2020-12-16 00:06:20.064542+00,2020-12-16 00:06:20.064558+00,,,KWAMKI NARAMA,,,9412,
9412040,2020-12-16 00:06:20.067354+00,2020-12-16 00:06:20.06737+00,,,AGIMUGA,,,9412,
9412041,2020-12-16 00:06:20.069615+00,2020-12-16 00:06:20.069627+00,,,JILA,,,9412,
9412042,2020-12-16 00:06:20.071892+00,2020-12-16 00:06:20.071905+00,,,JITA,,,9412,
9412043,2020-12-16 00:06:20.075402+00,2020-12-16 00:06:20.075441+00,,,ALAMA,,,9412,
9412044,2020-12-16 00:06:20.079364+00,2020-12-16 00:06:20.079403+00,,,HOYA,,,9412,
9413010,2020-12-16 00:06:20.083698+00,2020-12-16 00:06:20.083712+00,,,JAIR,,,9413,
9413011,2020-12-16 00:06:20.08641+00,2020-12-16 00:06:20.086424+00,,,SUBUR,,,9413,
9413013,2020-12-16 00:06:20.089119+00,2020-12-16 00:06:20.089134+00,,,KIA,,,9413,
9413020,2020-12-16 00:06:20.091726+00,2020-12-16 00:06:20.09174+00,,,MINDIPTANA,,,9413,
9413021,2020-12-16 00:06:20.094406+00,2020-12-16 00:06:20.094421+00,,,INIYANDIT,,,9413,
9413022,2020-12-16 00:06:20.097249+00,2020-12-16 00:06:20.097264+00,,,KOMBUT,,,9413,
9413023,2020-12-16 00:06:20.100197+00,2020-12-16 00:06:20.100212+00,,,SESNUK,,,9413,
9413030,2020-12-16 00:06:20.103133+00,2020-12-16 00:06:20.103148+00,,,MANDOBO,,,9413,
9413031,2020-12-16 00:06:20.10579+00,2020-12-16 00:06:20.105803+00,,,FOFI,,,9413,
9413032,2020-12-16 00:06:20.108273+00,2020-12-16 00:06:20.108287+00,,,ARIMOP,,,9413,
9413040,2020-12-16 00:06:20.110774+00,2020-12-16 00:06:20.110786+00,,,KOUH,,,9413,
9413041,2020-12-16 00:06:20.11297+00,2020-12-16 00:06:20.112984+00,,,BOMAKIA,,,9413,
9413042,2020-12-16 00:06:20.115361+00,2020-12-16 00:06:20.115374+00,,,FIRIWAGE,,,9413,
9413043,2020-12-16 00:06:20.117883+00,2020-12-16 00:06:20.117896+00,,,MANGGELUM,,,9413,
9413044,2020-12-16 00:06:20.120365+00,2020-12-16 00:06:20.120381+00,,,YANIRUMA,,,9413,
9413045,2020-12-16 00:06:20.122866+00,2020-12-16 00:06:20.122881+00,,,KAWAGIT,,,9413,
9413046,2020-12-16 00:06:20.125287+00,2020-12-16 00:06:20.125301+00,,,KOMBAY,,,9413,
9413050,2020-12-16 00:06:20.127885+00,2020-12-16 00:06:20.1279+00,,,WAROPKO,,,9413,
9413051,2020-12-16 00:06:20.13052+00,2020-12-16 00:06:20.130534+00,,,AMBATKWI,,,9413,
9413052,2020-12-16 00:06:20.133122+00,2020-12-16 00:06:20.133137+00,,,NINATI,,,9413,
9414010,2020-12-16 00:06:20.135713+00,2020-12-16 00:06:20.135727+00,,,NAMBIOMAN BAPAI,,,9414,
9414011,2020-12-16 00:06:20.138377+00,2020-12-16 00:06:20.138391+00,,,MINYAMUR,,,9414,
9414020,2020-12-16 00:06:20.140965+00,2020-12-16 00:06:20.14098+00,,,EDERA,,,9414,
9414021,2020-12-16 00:06:20.143532+00,2020-12-16 00:06:20.143547+00,,,VENAHA,,,9414,
9414022,2020-12-16 00:06:20.14603+00,2020-12-16 00:06:20.146045+00,,,SYAHCAME,,,9414,
9414023,2020-12-16 00:06:20.148856+00,2020-12-16 00:06:20.148871+00,,,BAMGI,,,9414,
9414024,2020-12-16 00:06:20.151347+00,2020-12-16 00:06:20.151361+00,,,YAKOMI,,,9414,
9414030,2020-12-16 00:06:20.154175+00,2020-12-16 00:06:20.15419+00,,,OBAA,,,9414,
9414031,2020-12-16 00:06:20.15688+00,2020-12-16 00:06:20.156895+00,,,PASSUE,,,9414,
9414040,2020-12-16 00:06:20.159768+00,2020-12-16 00:06:20.159784+00,,,HAJU,,,9414,
9414050,2020-12-16 00:06:20.162732+00,2020-12-16 00:06:20.162747+00,,,ASSUE,,,9414,
9414060,2020-12-16 00:06:20.165549+00,2020-12-16 00:06:20.165562+00,,,CITAKMITAK,,,9414,
9414061,2020-12-16 00:06:20.168655+00,2020-12-16 00:06:20.168682+00,,,KAIBAR,,,9414,
9414062,2020-12-16 00:06:20.171631+00,2020-12-16 00:06:20.171646+00,,,PASSUE BAWAH,,,9414,
9414063,2020-12-16 00:06:20.174144+00,2020-12-16 00:06:20.174157+00,,,TI-ZAIN,,,9414,
9415010,2020-12-16 00:06:20.17722+00,2020-12-16 00:06:20.177249+00,,,PANTAI KASUARI,,,9415,
9415011,2020-12-16 00:06:20.180089+00,2020-12-16 00:06:20.180111+00,,,KOPAY,,,9415,
9415012,2020-12-16 00:06:20.182576+00,2020-12-16 00:06:20.182598+00,,,DER KOUMUR,,,9415,
9415013,2020-12-16 00:06:20.185226+00,2020-12-16 00:06:20.185248+00,,,SAFAN,,,9415,
9415020,2020-12-16 00:06:20.187831+00,2020-12-16 00:06:20.187851+00,,,FAYIT,,,9415,
9415030,2020-12-16 00:06:20.190328+00,2020-12-16 00:06:20.190347+00,,,ATSY,,,9415,
9415031,2020-12-16 00:06:20.192774+00,2020-12-16 00:06:20.192793+00,,,SIRETS,,,9415,
9415032,2020-12-16 00:06:20.19501+00,2020-12-16 00:06:20.195029+00,,,AYIP,,,9415,
9415033,2020-12-16 00:06:20.197572+00,2020-12-16 00:06:20.197594+00,,,BECTBAMU,,,9415,
9415040,2020-12-16 00:06:20.200151+00,2020-12-16 00:06:20.200172+00,,,SUATOR,,,9415,
9415041,2020-12-16 00:06:20.202578+00,2020-12-16 00:06:20.202598+00,,,KOLF BRAZA,,,9415,
9415050,2020-12-16 00:06:20.205123+00,2020-12-16 00:06:20.205145+00,,,AKAT,,,9415,
9415051,2020-12-16 00:06:20.207432+00,2020-12-16 00:06:20.207452+00,,,JETSY,,,9415,
9415060,2020-12-16 00:06:20.209546+00,2020-12-16 00:06:20.209566+00,,,AGATS,,,9415,
9415070,2020-12-16 00:06:20.211698+00,2020-12-16 00:06:20.211718+00,,,SAWA ERMA,,,9415,
9415071,2020-12-16 00:06:20.21391+00,2020-12-16 00:06:20.213922+00,,,SURU-SURU,,,9415,
9415072,2020-12-16 00:06:20.215648+00,2020-12-16 00:06:20.21566+00,,,UNIR SIRAU,,,9415,
9415073,2020-12-16 00:06:20.217446+00,2020-12-16 00:06:20.217458+00,,,JOERAT,,,9415,
9415074,2020-12-16 00:06:20.219485+00,2020-12-16 00:06:20.219499+00,,,PULAU TIGA,,,9415,
9416010,2020-12-16 00:06:20.221527+00,2020-12-16 00:06:20.221539+00,,,KURIMA,,,9416,
9416011,2020-12-16 00:06:20.224849+00,2020-12-16 00:06:20.224888+00,,,MUSAIK,,,9416,
9416013,2020-12-16 00:06:20.228674+00,2020-12-16 00:06:20.228713+00,,,DEKAI,,,9416,
9416014,2020-12-16 00:06:20.232495+00,2020-12-16 00:06:20.232521+00,,,OBIO,,,9416,
9416015,2020-12-16 00:06:20.235627+00,2020-12-16 00:06:20.235654+00,,,PASEMA,,,9416,
9416016,2020-12-16 00:06:20.238888+00,2020-12-16 00:06:20.238915+00,,,AMUMA,,,9416,
9416017,2020-12-16 00:06:20.242313+00,2020-12-16 00:06:20.242336+00,,,SURU-SURU,,,9416,
9416018,2020-12-16 00:06:20.245683+00,2020-12-16 00:06:20.245706+00,,,WUSAMA,,,9416,
9416019,2020-12-16 00:06:20.249144+00,2020-12-16 00:06:20.249169+00,,,SILIMO,,,9416,
9416020,2020-12-16 00:06:20.252238+00,2020-12-16 00:06:20.25226+00,,,NINIA,,,9416,
9416021,2020-12-16 00:06:20.255256+00,2020-12-16 00:06:20.255281+00,,,HOLUWON,,,9416,
9416022,2020-12-16 00:06:20.258151+00,2020-12-16 00:06:20.258176+00,,,LOLAT,,,9416,
9416023,2020-12-16 00:06:20.261118+00,2020-12-16 00:06:20.261143+00,,,LANGDA,,,9416,
9416024,2020-12-16 00:06:20.264454+00,2020-12-16 00:06:20.26448+00,,,BOMELA,,,9416,
9416025,2020-12-16 00:06:20.268018+00,2020-12-16 00:06:20.268046+00,,,SUNTAMON,,,9416,
9416026,2020-12-16 00:06:20.272469+00,2020-12-16 00:06:20.272514+00,,,SOBAHAM,,,9416,
9416027,2020-12-16 00:06:20.276323+00,2020-12-16 00:06:20.276339+00,,,KORUPUN,,,9416,
9416028,2020-12-16 00:06:20.279276+00,2020-12-16 00:06:20.279292+00,,,SELA,,,9416,
9416029,2020-12-16 00:06:20.282221+00,2020-12-16 00:06:20.282235+00,,,KWELAMDUA,,,9416,
9416030,2020-12-16 00:06:20.28492+00,2020-12-16 00:06:20.284935+00,,,ANGGRUK,,,9416,
9416031,2020-12-16 00:06:20.287618+00,2020-12-16 00:06:20.287632+00,,,PANGGEMA,,,9416,
9416032,2020-12-16 00:06:20.290324+00,2020-12-16 00:06:20.290339+00,,,WALMA,,,9416,
9416033,2020-12-16 00:06:20.292915+00,2020-12-16 00:06:20.292938+00,,,KOSAREK,,,9416,
9416034,2020-12-16 00:06:20.29569+00,2020-12-16 00:06:20.295705+00,,,UBAHAK,,,9416,
9416035,2020-12-16 00:06:20.298449+00,2020-12-16 00:06:20.298464+00,,,NALCA,,,9416,
9416036,2020-12-16 00:06:20.300973+00,2020-12-16 00:06:20.300988+00,,,PULDAMA,,,9416,
9416037,2020-12-16 00:06:20.303701+00,2020-12-16 00:06:20.303716+00,,,NIPSAN,,,9416,
9416041,2020-12-16 00:06:20.306427+00,2020-12-16 00:06:20.306441+00,,,SAMENAGE,,,9416,
9416042,2020-12-16 00:06:20.309073+00,2020-12-16 00:06:20.309088+00,,,TANGMA,,,9416,
9416043,2020-12-16 00:06:20.311891+00,2020-12-16 00:06:20.311915+00,,,SOBA,,,9416,
9416044,2020-12-16 00:06:20.314702+00,2020-12-16 00:06:20.314718+00,,,MUGI,,,9416,
9416045,2020-12-16 00:06:20.31721+00,2020-12-16 00:06:20.317225+00,,,YOGOSEM,,,9416,
9416046,2020-12-16 00:06:20.319791+00,2020-12-16 00:06:20.319806+00,,,KAYO,,,9416,
9416047,2020-12-16 00:06:20.322177+00,2020-12-16 00:06:20.322191+00,,,SUMO,,,9416,
9416048,2020-12-16 00:06:20.324863+00,2020-12-16 00:06:20.324878+00,,,HOGIO,,,9416,
9416049,2020-12-16 00:06:20.327746+00,2020-12-16 00:06:20.327777+00,,,UKHA,,,9416,
9416051,2020-12-16 00:06:20.331098+00,2020-12-16 00:06:20.331131+00,,,WERIMA,,,9416,
9416052,2020-12-16 00:06:20.33415+00,2020-12-16 00:06:20.334177+00,,,SOLOIKMA,,,9416,
9416053,2020-12-16 00:06:20.337236+00,2020-12-16 00:06:20.337265+00,,,SERADALA,,,9416,
9416054,2020-12-16 00:06:20.34046+00,2020-12-16 00:06:20.340487+00,,,KABIANGGAMA,,,9416,
9416055,2020-12-16 00:06:20.343447+00,2020-12-16 00:06:20.343473+00,,,KWIKMA,,,9416,
9416056,2020-12-16 00:06:20.345756+00,2020-12-16 00:06:20.345768+00,,,HILIPUK,,,9416,
9416057,2020-12-16 00:06:20.348066+00,2020-12-16 00:06:20.348078+00,,,YAHULIAMBUT,,,9416,
9416058,2020-12-16 00:06:20.350404+00,2020-12-16 00:06:20.350416+00,,,HEREAPINI,,,9416,
9416059,2020-12-16 00:06:20.352918+00,2020-12-16 00:06:20.352931+00,,,UBALIHI,,,9416,
9416061,2020-12-16 00:06:20.355737+00,2020-12-16 00:06:20.355751+00,,,TALAMBO,,,9416,
9416062,2020-12-16 00:06:20.358445+00,2020-12-16 00:06:20.358459+00,,,PRONGGOLI,,,9416,
9416063,2020-12-16 00:06:20.361041+00,2020-12-16 00:06:20.361055+00,,,ENDOMEN,,,9416,
9416065,2020-12-16 00:06:20.363512+00,2020-12-16 00:06:20.363526+00,,,KONA,,,9416,
9416066,2020-12-16 00:06:20.366121+00,2020-12-16 00:06:20.366134+00,,,DURAM,,,9416,
9416067,2020-12-16 00:06:20.368592+00,2020-12-16 00:06:20.368605+00,,,DIRWEMNA,,,9416,
9417010,2020-12-16 00:06:20.370977+00,2020-12-16 00:06:20.37099+00,,,IWUR,,,9417,
9417011,2020-12-16 00:06:20.373223+00,2020-12-16 00:06:20.373244+00,,,KAWOR,,,9417,
9417012,2020-12-16 00:06:20.375823+00,2020-12-16 00:06:20.37584+00,,,TARUP,,,9417,
9417013,2020-12-16 00:06:20.378415+00,2020-12-16 00:06:20.378431+00,,,AWINBON,,,9417,
9417020,2020-12-16 00:06:20.381361+00,2020-12-16 00:06:20.381374+00,,,OKSIBIL,,,9417,
9417021,2020-12-16 00:06:20.383957+00,2020-12-16 00:06:20.38397+00,,,PEPERA,,,9417,
9417022,2020-12-16 00:06:20.386718+00,2020-12-16 00:06:20.386732+00,,,ALEMSOM,,,9417,
9417023,2020-12-16 00:06:20.38936+00,2020-12-16 00:06:20.389374+00,,,SERAMBAKON,,,9417,
9417024,2020-12-16 00:06:20.392013+00,2020-12-16 00:06:20.392027+00,,,KOLOMDOL,,,9417,
9417025,2020-12-16 00:06:20.394678+00,2020-12-16 00:06:20.394692+00,,,OKSOP,,,9417,
9417026,2020-12-16 00:06:20.397326+00,2020-12-16 00:06:20.397339+00,,,OK BAPE,,,9417,
9417027,2020-12-16 00:06:20.399955+00,2020-12-16 00:06:20.399969+00,,,OK AON,,,9417,
9417030,2020-12-16 00:06:20.402422+00,2020-12-16 00:06:20.402435+00,,,BORME,,,9417,
9417031,2020-12-16 00:06:20.409231+00,2020-12-16 00:06:20.409245+00,,,BIME,,,9417,
9417032,2020-12-16 00:06:20.414496+00,2020-12-16 00:06:20.414518+00,,,EPUMEK,,,9417,
9417033,2020-12-16 00:06:20.417859+00,2020-12-16 00:06:20.41788+00,,,WEIME,,,9417,
9417034,2020-12-16 00:06:20.421092+00,2020-12-16 00:06:20.421115+00,,,PAMEK,,,9417,
9417035,2020-12-16 00:06:20.424432+00,2020-12-16 00:06:20.424454+00,,,NONGME,,,9417,
9417036,2020-12-16 00:06:20.427235+00,2020-12-16 00:06:20.427255+00,,,BATANI,,,9417,
9417040,2020-12-16 00:06:20.430299+00,2020-12-16 00:06:20.430319+00,,,OKBI,,,9417,
9417041,2020-12-16 00:06:20.433385+00,2020-12-16 00:06:20.433411+00,,,ABOY,,,9417,
9417042,2020-12-16 00:06:20.436759+00,2020-12-16 00:06:20.436785+00,,,OKBAB,,,9417,
9417043,2020-12-16 00:06:20.439892+00,2020-12-16 00:06:20.439917+00,,,TEIRAPLU,,,9417,
9417044,2020-12-16 00:06:20.443079+00,2020-12-16 00:06:20.443105+00,,,YEFTA,,,9417,
9417050,2020-12-16 00:06:20.446229+00,2020-12-16 00:06:20.446252+00,,,KIWIROK,,,9417,
9417051,2020-12-16 00:06:20.449309+00,2020-12-16 00:06:20.449331+00,,,KIWIROK TIMUR,,,9417,
9417052,2020-12-16 00:06:20.4525+00,2020-12-16 00:06:20.452522+00,,,OKSEBANG,,,9417,
9417053,2020-12-16 00:06:20.455342+00,2020-12-16 00:06:20.455365+00,,,OKHIKA,,,9417,
9417054,2020-12-16 00:06:20.458614+00,2020-12-16 00:06:20.458639+00,,,OKLIP,,,9417,
9417055,2020-12-16 00:06:20.461924+00,2020-12-16 00:06:20.461949+00,,,OKSAMOL,,,9417,
9417056,2020-12-16 00:06:20.465013+00,2020-12-16 00:06:20.465036+00,,,OKBEMTA,,,9417,
9417060,2020-12-16 00:06:20.468424+00,2020-12-16 00:06:20.468446+00,,,BATOM,,,9417,
9417061,2020-12-16 00:06:20.471817+00,2020-12-16 00:06:20.471839+00,,,MURKIM,,,9417,
9417062,2020-12-16 00:06:20.475036+00,2020-12-16 00:06:20.47506+00,,,MOFINOP,,,9417,
9418010,2020-12-16 00:06:20.478586+00,2020-12-16 00:06:20.478613+00,,,KANGGIME,,,9418,
9418011,2020-12-16 00:06:20.482141+00,2020-12-16 00:06:20.482167+00,,,WONIKI,,,9418,
9418012,2020-12-16 00:06:20.485415+00,2020-12-16 00:06:20.485439+00,,,NABUNAGE,,,9418,
9418013,2020-12-16 00:06:20.488858+00,2020-12-16 00:06:20.488879+00,,,GILUBANDU,,,9418,
9418014,2020-12-16 00:06:20.491984+00,2020-12-16 00:06:20.492006+00,,,WAKUO,,,9418,
9418015,2020-12-16 00:06:20.494981+00,2020-12-16 00:06:20.495003+00,,,AWEKU,,,9418,
9418016,2020-12-16 00:06:20.497947+00,2020-12-16 00:06:20.497967+00,,,BOGONUK,,,9418,
9418020,2020-12-16 00:06:20.501011+00,2020-12-16 00:06:20.501034+00,,,KARUBAGA,,,9418,
9418021,2020-12-16 00:06:20.504411+00,2020-12-16 00:06:20.504435+00,,,GOYAGE,,,9418,
9418022,2020-12-16 00:06:20.507447+00,2020-12-16 00:06:20.507468+00,,,WUNIN,,,9418,
9418023,2020-12-16 00:06:20.510419+00,2020-12-16 00:06:20.510432+00,,,KONDAGA,,,9418,
9418024,2020-12-16 00:06:20.513139+00,2020-12-16 00:06:20.513152+00,,,NELAWI,,,9418,
9418025,2020-12-16 00:06:20.515842+00,2020-12-16 00:06:20.515856+00,,,KUARI,,,9418,
9418026,2020-12-16 00:06:20.518705+00,2020-12-16 00:06:20.518719+00,,,LIANOGOMA,,,9418,
9418027,2020-12-16 00:06:20.521542+00,2020-12-16 00:06:20.521556+00,,,BIUK,,,9418,
9418030,2020-12-16 00:06:20.524057+00,2020-12-16 00:06:20.52407+00,,,BOKONDINI,,,9418,
9418031,2020-12-16 00:06:20.526291+00,2020-12-16 00:06:20.526303+00,,,BOKONERI,,,9418,
9418032,2020-12-16 00:06:20.528632+00,2020-12-16 00:06:20.528645+00,,,BEWANI,,,9418,
9418040,2020-12-16 00:06:20.531321+00,2020-12-16 00:06:20.531335+00,,,KEMBU,,,9418,
9418041,2020-12-16 00:06:20.534022+00,2020-12-16 00:06:20.534035+00,,,WINA,,,9418,
9418042,2020-12-16 00:06:20.536299+00,2020-12-16 00:06:20.536312+00,,,UMAGI,,,9418,
9418043,2020-12-16 00:06:20.538846+00,2020-12-16 00:06:20.53886+00,,,PANAGA,,,9418,
9418044,2020-12-16 00:06:20.541471+00,2020-12-16 00:06:20.541486+00,,,POGANERI,,,9418,
9418045,2020-12-16 00:06:20.544167+00,2020-12-16 00:06:20.54418+00,,,KAMBONERI,,,9418,
9418046,2020-12-16 00:06:20.546657+00,2020-12-16 00:06:20.54667+00,,,AIR GARAM,,,9418,
9418047,2020-12-16 00:06:20.549473+00,2020-12-16 00:06:20.549487+00,,,DOW,,,9418,
9418048,2020-12-16 00:06:20.552227+00,2020-12-16 00:06:20.552241+00,,,WARI / TAIYEVE,,,9418,
9418049,2020-12-16 00:06:20.554932+00,2020-12-16 00:06:20.554945+00,,,EGIAM,,,9418,
9418051,2020-12-16 00:06:20.557616+00,2020-12-16 00:06:20.55763+00,,,NUNGGAWI,,,9418,
9418060,2020-12-16 00:06:20.560424+00,2020-12-16 00:06:20.560437+00,,,KUBU,,,9418,
9418061,2020-12-16 00:06:20.56282+00,2020-12-16 00:06:20.562833+00,,,ANAWI,,,9418,
9418062,2020-12-16 00:06:20.565121+00,2020-12-16 00:06:20.565134+00,,,WUGI,,,9418,
9418070,2020-12-16 00:06:20.567439+00,2020-12-16 00:06:20.567451+00,,,GEYA,,,9418,
9418071,2020-12-16 00:06:20.569756+00,2020-12-16 00:06:20.569768+00,,,WENAM,,,9418,
9418080,2020-12-16 00:06:20.57219+00,2020-12-16 00:06:20.572204+00,,,NUMBA,,,9418,
9418081,2020-12-16 00:06:20.574368+00,2020-12-16 00:06:20.574381+00,,,KAI,,,9418,
9418090,2020-12-16 00:06:20.576656+00,2020-12-16 00:06:20.576668+00,,,DUNDU,,,9418,
9418100,2020-12-16 00:06:20.57889+00,2020-12-16 00:06:20.578902+00,,,GUNDAGI,,,9418,
9418110,2020-12-16 00:06:20.581675+00,2020-12-16 00:06:20.581692+00,,,TIMORI,,,9418,
9418121,2020-12-16 00:06:20.584471+00,2020-12-16 00:06:20.58449+00,,,YUNERI,,,9418,
9418125,2020-12-16 00:06:20.587102+00,2020-12-16 00:06:20.587116+00,,,TAGIME,,,9418,
9418126,2020-12-16 00:06:20.58954+00,2020-12-16 00:06:20.589552+00,,,DANIME,,,9418,
9418127,2020-12-16 00:06:20.591944+00,2020-12-16 00:06:20.591956+00,,,YUKO,,,9418,
9418541,2020-12-16 00:06:20.594327+00,2020-12-16 00:06:20.594339+00,,,TELENGGEME,,,9418,
9418542,2020-12-16 00:06:20.596738+00,2020-12-16 00:06:20.596752+00,,,GIKA,,,9418,
9418543,2020-12-16 00:06:20.599593+00,2020-12-16 00:06:20.599607+00,,,TAGINERI,,,9418,
9419021,2020-12-16 00:06:20.602132+00,2020-12-16 00:06:20.602145+00,,,PANTAI TIMUR BAGIAN BARAT,,,9419,
9419022,2020-12-16 00:06:20.604416+00,2020-12-16 00:06:20.604428+00,,,PANTAI TIMUR,,,9419,
9419024,2020-12-16 00:06:20.606635+00,2020-12-16 00:06:20.606647+00,,,SUNGAI BIRI,,,9419,
9419031,2020-12-16 00:06:20.608945+00,2020-12-16 00:06:20.608957+00,,,BONGGO,,,9419,
9419032,2020-12-16 00:06:20.611321+00,2020-12-16 00:06:20.611335+00,,,BONGGO TIMUR,,,9419,
9419033,2020-12-16 00:06:20.613762+00,2020-12-16 00:06:20.613775+00,,,BONGGO BARAT,,,9419,
9419040,2020-12-16 00:06:20.616313+00,2020-12-16 00:06:20.616326+00,,,TOR ATAS,,,9419,
9419041,2020-12-16 00:06:20.618695+00,2020-12-16 00:06:20.618707+00,,,ISMARI,,,9419,
9419050,2020-12-16 00:06:20.621343+00,2020-12-16 00:06:20.621357+00,,,SARMI,,,9419,
9419051,2020-12-16 00:06:20.62412+00,2020-12-16 00:06:20.624134+00,,,SARMI TIMUR,,,9419,
9419052,2020-12-16 00:06:20.626628+00,2020-12-16 00:06:20.62664+00,,,SARMI SELATAN,,,9419,
9419053,2020-12-16 00:06:20.628916+00,2020-12-16 00:06:20.628928+00,,,SOBEY,,,9419,
9419054,2020-12-16 00:06:20.631506+00,2020-12-16 00:06:20.631519+00,,,MUARA TOR,,,9419,
9419055,2020-12-16 00:06:20.634032+00,2020-12-16 00:06:20.634045+00,,,VERKAM,,,9419,
9419060,2020-12-16 00:06:20.638081+00,2020-12-16 00:06:20.638129+00,,,PANTAI BARAT,,,9419,
9419061,2020-12-16 00:06:20.642233+00,2020-12-16 00:06:20.642271+00,,,APAWER HULU,,,9419,
9419062,2020-12-16 00:06:20.64622+00,2020-12-16 00:06:20.646257+00,,,APAWER HILIR,,,9419,
9419063,2020-12-16 00:06:20.650241+00,2020-12-16 00:06:20.650256+00,,,APAWER TENGAH,,,9419,
9420010,2020-12-16 00:06:20.653201+00,2020-12-16 00:06:20.653216+00,,,WEB,,,9420,
9420011,2020-12-16 00:06:20.656003+00,2020-12-16 00:06:20.656017+00,,,TOWE,,,9420,
9420020,2020-12-16 00:06:20.658746+00,2020-12-16 00:06:20.658759+00,,,SENGGI,,,9420,
9420030,2020-12-16 00:06:20.661295+00,2020-12-16 00:06:20.66131+00,,,WARIS,,,9420,
9420040,2020-12-16 00:06:20.663866+00,2020-12-16 00:06:20.66388+00,,,ARSO,,,9420,
9420041,2020-12-16 00:06:20.666418+00,2020-12-16 00:06:20.666431+00,,,ARSO TIMUR,,,9420,
9420050,2020-12-16 00:06:20.669166+00,2020-12-16 00:06:20.66918+00,,,SKANTO,,,9420,
9426010,2020-12-16 00:06:20.672109+00,2020-12-16 00:06:20.672124+00,,,WAROPEN BAWAH,,,9426,
9426011,2020-12-16 00:06:20.674971+00,2020-12-16 00:06:20.674986+00,,,INGGERUS,,,9426,
9426012,2020-12-16 00:06:20.677583+00,2020-12-16 00:06:20.677594+00,,,UREI FAISEI,,,9426,
9426013,2020-12-16 00:06:20.680217+00,2020-12-16 00:06:20.680232+00,,,OUDATE,,,9426,
9426014,2020-12-16 00:06:20.683105+00,2020-12-16 00:06:20.683119+00,,,WAPOGA,,,9426,
9426020,2020-12-16 00:06:20.686488+00,2020-12-16 00:06:20.686519+00,,,MASIREI,,,9426,
9426021,2020-12-16 00:06:20.689942+00,2020-12-16 00:06:20.689973+00,,,RISEI SAYATI,,,9426,
9426022,2020-12-16 00:06:20.693352+00,2020-12-16 00:06:20.693382+00,,,DEMBA,,,9426,
9426030,2020-12-16 00:06:20.697067+00,2020-12-16 00:06:20.697097+00,,,WALANI,,,9426,
9426040,2020-12-16 00:06:20.700144+00,2020-12-16 00:06:20.700173+00,,,KIRIHI,,,9426,
9427010,2020-12-16 00:06:20.702635+00,2020-12-16 00:06:20.702648+00,,,SUPIORI SELATAN,,,9427,
9427011,2020-12-16 00:06:20.705156+00,2020-12-16 00:06:20.705169+00,,,KEPULAUAN ARURI,,,9427,
9427020,2020-12-16 00:06:20.707924+00,2020-12-16 00:06:20.707938+00,,,SUPIORI UTARA,,,9427,
9427021,2020-12-16 00:06:20.710753+00,2020-12-16 00:06:20.710767+00,,,SUPIORI BARAT,,,9427,
9427030,2020-12-16 00:06:20.713636+00,2020-12-16 00:06:20.713649+00,,,SUPIORI TIMUR,,,9427,
9428030,2020-12-16 00:06:20.71619+00,2020-12-16 00:06:20.716203+00,,,WAROPEN ATAS,,,9428,
9428031,2020-12-16 00:06:20.718585+00,2020-12-16 00:06:20.718597+00,,,BENUKI,,,9428,
9428032,2020-12-16 00:06:20.720855+00,2020-12-16 00:06:20.720867+00,,,SAWAI,,,9428,
9428040,2020-12-16 00:06:20.723004+00,2020-12-16 00:06:20.723016+00,,,MAMBERAMO ILIR,,,9428,
9428050,2020-12-16 00:06:20.725261+00,2020-12-16 00:06:20.725273+00,,,MAMBERAMO TENGAH,,,9428,
9428051,2020-12-16 00:06:20.727423+00,2020-12-16 00:06:20.727435+00,,,IWASO,,,9428,
9428060,2020-12-16 00:06:20.729732+00,2020-12-16 00:06:20.729745+00,,,MAMBERAMO TENGAH TIMUR,,,9428,
9428070,2020-12-16 00:06:20.732048+00,2020-12-16 00:06:20.73206+00,,,ROFAER,,,9428,
9428080,2020-12-16 00:06:20.734636+00,2020-12-16 00:06:20.73465+00,,,MAMBERAMO ULU,,,9428,
9429010,2020-12-16 00:06:20.737084+00,2020-12-16 00:06:20.737099+00,,,WOSAK,,,9429,
9429020,2020-12-16 00:06:20.739485+00,2020-12-16 00:06:20.739497+00,,,KENYAM,,,9429,
9429030,2020-12-16 00:06:20.74173+00,2020-12-16 00:06:20.741742+00,,,GESELMA,,,9429,
9429040,2020-12-16 00:06:20.744283+00,2020-12-16 00:06:20.744297+00,,,MAPENDUMA,,,9429,
9429050,2020-12-16 00:06:20.746886+00,2020-12-16 00:06:20.746902+00,,,MUGI,,,9429,
9429060,2020-12-16 00:06:20.749398+00,2020-12-16 00:06:20.749411+00,,,YIGI,,,9429,
9429070,2020-12-16 00:06:20.751657+00,2020-12-16 00:06:20.75167+00,,,MBUWA,,,9429,
9429080,2020-12-16 00:06:20.754151+00,2020-12-16 00:06:20.754164+00,,,GEAREK,,,9429,
9430010,2020-12-16 00:06:20.756416+00,2020-12-16 00:06:20.756428+00,,,MAKKI,,,9430,
9430011,2020-12-16 00:06:20.758634+00,2020-12-16 00:06:20.758646+00,,,GUPURA,,,9430,
9430012,2020-12-16 00:06:20.760799+00,2020-12-16 00:06:20.760811+00,,,KOLAWA,,,9430,
9430013,2020-12-16 00:06:20.763029+00,2020-12-16 00:06:20.76304+00,,,GELOK BEAM,,,9430,
9430020,2020-12-16 00:06:20.765342+00,2020-12-16 00:06:20.765355+00,,,PIRIME,,,9430,
9430021,2020-12-16 00:06:20.767492+00,2020-12-16 00:06:20.767504+00,,,BUGUK GONA,,,9430,
9430022,2020-12-16 00:06:20.769678+00,2020-12-16 00:06:20.76969+00,,,MILIMBO,,,9430,
9430023,2020-12-16 00:06:20.771712+00,2020-12-16 00:06:20.771724+00,,,GOLLO,,,9430,
9430024,2020-12-16 00:06:20.773979+00,2020-12-16 00:06:20.773991+00,,,WIRINGGABUT,,,9430,
9430030,2020-12-16 00:06:20.776228+00,2020-12-16 00:06:20.77624+00,,,TIOM,,,9430,
9430031,2020-12-16 00:06:20.7789+00,2020-12-16 00:06:20.778926+00,,,NOGI,,,9430,
9430032,2020-12-16 00:06:20.782041+00,2020-12-16 00:06:20.782069+00,,,MOKONI,,,9430,
9430033,2020-12-16 00:06:20.785376+00,2020-12-16 00:06:20.785405+00,,,NINAME,,,9430,
9430034,2020-12-16 00:06:20.788234+00,2020-12-16 00:06:20.788248+00,,,YIGINUA,,,9430,
9430040,2020-12-16 00:06:20.790763+00,2020-12-16 00:06:20.79078+00,,,BALINGGA,,,9430,
9430041,2020-12-16 00:06:20.793242+00,2020-12-16 00:06:20.793256+00,,,BALINGGA BARAT,,,9430,
9430042,2020-12-16 00:06:20.795499+00,2020-12-16 00:06:20.795512+00,,,BRUWA,,,9430,
9430050,2020-12-16 00:06:20.797779+00,2020-12-16 00:06:20.797791+00,,,KUYAWAGE,,,9430,
9430051,2020-12-16 00:06:20.800159+00,2020-12-16 00:06:20.800173+00,,,WANO BARAT,,,9430,
9430060,2020-12-16 00:06:20.802482+00,2020-12-16 00:06:20.802495+00,,,MALAGAINERI,,,9430,
9430061,2020-12-16 00:06:20.80519+00,2020-12-16 00:06:20.805203+00,,,MELAGAI,,,9430,
9430070,2020-12-16 00:06:20.807608+00,2020-12-16 00:06:20.80762+00,,,TIOMNERI,,,9430,
9430071,2020-12-16 00:06:20.809788+00,2020-12-16 00:06:20.8098+00,,,WEREKA,,,9430,
9430080,2020-12-16 00:06:20.812016+00,2020-12-16 00:06:20.812028+00,,,DIMBA,,,9430,
9430081,2020-12-16 00:06:20.81418+00,2020-12-16 00:06:20.814193+00,,,KELULOME,,,9430,
9430090,2020-12-16 00:06:20.816651+00,2020-12-16 00:06:20.816664+00,,,GAMELIA,,,9430,
9430091,2020-12-16 00:06:20.818938+00,2020-12-16 00:06:20.81895+00,,,KARU,,,9430,
9430092,2020-12-16 00:06:20.821181+00,2020-12-16 00:06:20.821194+00,,,YILUK,,,9430,
9430093,2020-12-16 00:06:20.823735+00,2020-12-16 00:06:20.823803+00,,,GUNA,,,9430,
9430100,2020-12-16 00:06:20.827873+00,2020-12-16 00:06:20.827916+00,,,POGA,,,9430,
9430101,2020-12-16 00:06:20.832198+00,2020-12-16 00:06:20.832221+00,,,MUARA,,,9430,
9431010,2020-12-16 00:06:20.83568+00,2020-12-16 00:06:20.835704+00,,,KOBAKMA,,,9431,
9431020,2020-12-16 00:06:20.83879+00,2020-12-16 00:06:20.838813+00,,,ILUGWA,,,9431,
9431030,2020-12-16 00:06:20.842277+00,2020-12-16 00:06:20.842303+00,,,KELILA,,,9431,
9431040,2020-12-16 00:06:20.845583+00,2020-12-16 00:06:20.84561+00,,,ERAGAYAM,,,9431,
9431050,2020-12-16 00:06:20.848979+00,2020-12-16 00:06:20.849004+00,,,MEGAMBILIS,,,9431,
9432010,2020-12-16 00:06:20.852341+00,2020-12-16 00:06:20.852367+00,,,WELAREK,,,9432,
9432020,2020-12-16 00:06:20.855325+00,2020-12-16 00:06:20.855347+00,,,APALAPSILI,,,9432,
9432030,2020-12-16 00:06:20.858593+00,2020-12-16 00:06:20.858617+00,,,ABENAHO,,,9432,
9432040,2020-12-16 00:06:20.861949+00,2020-12-16 00:06:20.861972+00,,,ELELIM,,,9432,
9432050,2020-12-16 00:06:20.865289+00,2020-12-16 00:06:20.865314+00,,,BENAWA,,,9432,
9433010,2020-12-16 00:06:20.868734+00,2020-12-16 00:06:20.86876+00,,,AGADUGUME,,,9433,
9433020,2020-12-16 00:06:20.87221+00,2020-12-16 00:06:20.872235+00,,,GOME,,,9433,
9433030,2020-12-16 00:06:20.875905+00,2020-12-16 00:06:20.875927+00,,,ILAGA,,,9433,
9433040,2020-12-16 00:06:20.878733+00,2020-12-16 00:06:20.878755+00,,,SINAK,,,9433,
9433050,2020-12-16 00:06:20.881699+00,2020-12-16 00:06:20.881722+00,,,POGOMA,,,9433,
9433060,2020-12-16 00:06:20.88447+00,2020-12-16 00:06:20.884491+00,,,WANGBE,,,9433,
9433070,2020-12-16 00:06:20.887238+00,2020-12-16 00:06:20.88726+00,,,BEOGA,,,9433,
9433080,2020-12-16 00:06:20.890189+00,2020-12-16 00:06:20.89021+00,,,DOUFO,,,9433,
9434010,2020-12-16 00:06:20.893839+00,2020-12-16 00:06:20.893881+00,,,SUKIKAI SELATAN,,,9434,
9434020,2020-12-16 00:06:20.897559+00,2020-12-16 00:06:20.897575+00,,,PIYAIYE,,,9434,
9434030,2020-12-16 00:06:20.900557+00,2020-12-16 00:06:20.900571+00,,,MAPIA BARAT,,,9434,
9434040,2020-12-16 00:06:20.90334+00,2020-12-16 00:06:20.903354+00,,,MAPIA TENGAH,,,9434,
9434050,2020-12-16 00:06:20.905929+00,2020-12-16 00:06:20.905942+00,,,MAPIA,,,9434,
9434060,2020-12-16 00:06:20.908693+00,2020-12-16 00:06:20.908716+00,,,DOGIYAI,,,9434,
9434070,2020-12-16 00:06:20.91164+00,2020-12-16 00:06:20.91166+00,,,KAMU SELATAN,,,9434,
9434080,2020-12-16 00:06:20.914373+00,2020-12-16 00:06:20.914395+00,,,KAMU,,,9434,
9434090,2020-12-16 00:06:20.917457+00,2020-12-16 00:06:20.91748+00,,,KAMU TIMUR,,,9434,
9434100,2020-12-16 00:06:20.920131+00,2020-12-16 00:06:20.920146+00,,,KAMU UTARA,,,9434,
9435010,2020-12-16 00:06:20.922597+00,2020-12-16 00:06:20.92261+00,,,HOMEYO,,,9435,
9435020,2020-12-16 00:06:20.925169+00,2020-12-16 00:06:20.925184+00,,,SUGAPA,,,9435,
9435030,2020-12-16 00:06:20.927632+00,2020-12-16 00:06:20.927644+00,,,HITADIPA,,,9435,
9435040,2020-12-16 00:06:20.930145+00,2020-12-16 00:06:20.930158+00,,,AGISIGA,,,9435,
9435050,2020-12-16 00:06:20.932921+00,2020-12-16 00:06:20.932936+00,,,BIANDOGA,,,9435,
9435060,2020-12-16 00:06:20.935507+00,2020-12-16 00:06:20.935522+00,,,WANDAI,,,9435,
9436010,2020-12-16 00:06:20.938308+00,2020-12-16 00:06:20.938323+00,,,KAPIRAYA,,,9436,
9436020,2020-12-16 00:06:20.940947+00,2020-12-16 00:06:20.940962+00,,,TIGI BARAT,,,9436,
9436030,2020-12-16 00:06:20.943459+00,2020-12-16 00:06:20.943473+00,,,TIGI,,,9436,
9436040,2020-12-16 00:06:20.946049+00,2020-12-16 00:06:20.946064+00,,,TIGI TIMUR,,,9436,
9436050,2020-12-16 00:06:20.948764+00,2020-12-16 00:06:20.948778+00,,,BOWOBADO,,,9436,
9471010,2020-12-16 00:06:20.951583+00,2020-12-16 00:06:20.951597+00,,,MUARA TAMI,,,9471,
9471020,2020-12-16 00:06:20.954405+00,2020-12-16 00:06:20.95442+00,,,ABEPURA,,,9471,
9471021,2020-12-16 00:06:20.957211+00,2020-12-16 00:06:20.957226+00,,,HERAM,,,9471,
9471030,2020-12-16 00:06:20.960128+00,2020-12-16 00:06:20.960143+00,,,JAYAPURA SELATAN,,,9471,
9471040,2020-12-16 00:06:20.963066+00,2020-12-16 00:06:20.963081+00,,,JAYAPURA UTARA,,,9471,
